data_date,source_url,table_idx,table_section,row,col,header_top,header_left,value
2021-07-09,https://mofe.go.kr/st/ecnmyidx/detailTbEconomyIndicatorView.do?bbsId=MOSFBBS_000000000045&searchNttId1=MOSF_000000000055776&menuNo=6010200,0,,0,0,,,일일경제지표 (21. 7. 9. 금) 17:30 현재
2021-07-09,https://mofe.go.kr/st/ecnmyidx/detailTbEconomyIndicatorView.do?bbsId=MOSFBBS_000000000045&searchNttId1=MOSF_000000000055776&menuNo=6010200,1,금리,0,0,,,
2021-07-09,https://mofe.go.kr/st/ecnmyidx/detailTbEconomyIndicatorView.do?bbsId=MOSFBBS_000000000045&searchNttId1=MOSF_000000000055776&menuNo=6010200,1,금리,0,1,,,‘19 말
2021-07-09,https://mofe.go.kr/st/ecnmyidx/detailTbEconomyIndicatorView.do?bbsId=MOSFBBS_000000000045&searchNttId1=MOSF_000000000055776&menuNo=6010200,1,금리,0,2,,,‘20 말
2021-07-09,https://mofe.go.kr/st/ecnmyidx/detailTbEconomyIndicatorView.do?bbsId=MOSFBBS_000000000045&searchNttId1=MOSF_000000000055776&menuNo=6010200,1,금리,0,3,,,‘21.6 말
2021-07-09,https://mofe.go.kr/st/ecnmyidx/detailTbEconomyIndicatorView.do?bbsId=MOSFBBS_000000000045&searchNttId1=MOSF_000000000055776&menuNo=6010200,1,금리,0,4,,,7.7
2021-07-09,https://mofe.go.kr/st/ecnmyidx/detailTbEconomyIndicatorView.do?bbsId=MOSFBBS_000000000045&searchNttId1=MOSF_000000000055776&menuNo=6010200,1,금리,0,5,,,7.8
2021-07-09,https://mofe.go.kr/st/ecnmyidx/detailTbEconomyIndicatorView.do?bbsId=MOSFBBS_000000000045&searchNttId1=MOSF_000000000055776&menuNo=6010200,1,금리,0,6,,,7.9
2021-07-09,https://mofe.go.kr/st/ecnmyidx/detailTbEconomyIndicatorView.do?bbsId=MOSFBBS_000000000045&searchNttId1=MOSF_000000000055776&menuNo=6010200,1,금리,0,7,,,전일비
2021-07-09,https://mofe.go.kr/st/ecnmyidx/detailTbEconomyIndicatorView.do?bbsId=MOSFBBS_000000000045&searchNttId1=MOSF_000000000055776&menuNo=6010200,1,금리,0,8,,,20말비
2021-07-09,https://mofe.go.kr/st/ecnmyidx/detailTbEconomyIndicatorView.do?bbsId=MOSFBBS_000000000045&searchNttId1=MOSF_000000000055776&menuNo=6010200,1,금리,1,0,,,콜금리 (1일)
2021-07-09,https://mofe.go.kr/st/ecnmyidx/detailTbEconomyIndicatorView.do?bbsId=MOSFBBS_000000000045&searchNttId1=MOSF_000000000055776&menuNo=6010200,1,금리,1,1,‘19 말,콜금리 (1일),1.31
2021-07-09,https://mofe.go.kr/st/ecnmyidx/detailTbEconomyIndicatorView.do?bbsId=MOSFBBS_000000000045&searchNttId1=MOSF_000000000055776&menuNo=6010200,1,금리,1,2,‘20 말,콜금리 (1일),0.57
2021-07-09,https://mofe.go.kr/st/ecnmyidx/detailTbEconomyIndicatorView.do?bbsId=MOSFBBS_000000000045&searchNttId1=MOSF_000000000055776&menuNo=6010200,1,금리,1,3,‘21.6 말,콜금리 (1일),0.58
2021-07-09,https://mofe.go.kr/st/ecnmyidx/detailTbEconomyIndicatorView.do?bbsId=MOSFBBS_000000000045&searchNttId1=MOSF_000000000055776&menuNo=6010200,1,금리,1,4,7.7,콜금리 (1일),0.40
2021-07-09,https://mofe.go.kr/st/ecnmyidx/detailTbEconomyIndicatorView.do?bbsId=MOSFBBS_000000000045&searchNttId1=MOSF_000000000055776&menuNo=6010200,1,금리,1,5,7.8,콜금리 (1일),0.48
2021-07-09,https://mofe.go.kr/st/ecnmyidx/detailTbEconomyIndicatorView.do?bbsId=MOSFBBS_000000000045&searchNttId1=MOSF_000000000055776&menuNo=6010200,1,금리,1,6,7.9,콜금리 (1일),0.51
2021-07-09,https://mofe.go.kr/st/ecnmyidx/detailTbEconomyIndicatorView.do?bbsId=MOSFBBS_000000000045&searchNttId1=MOSF_000000000055776&menuNo=6010200,1,금리,1,7,전일비,콜금리 (1일),0.03
2021-07-09,https://mofe.go.kr/st/ecnmyidx/detailTbEconomyIndicatorView.do?bbsId=MOSFBBS_000000000045&searchNttId1=MOSF_000000000055776&menuNo=6010200,1,금리,1,8,20말비,콜금리 (1일),△0.06
2021-07-09,https://mofe.go.kr/st/ecnmyidx/detailTbEconomyIndicatorView.do?bbsId=MOSFBBS_000000000045&searchNttId1=MOSF_000000000055776&menuNo=6010200,1,금리,2,0,,,CD (91 일)
2021-07-09,https://mofe.go.kr/st/ecnmyidx/detailTbEconomyIndicatorView.do?bbsId=MOSFBBS_000000000045&searchNttId1=MOSF_000000000055776&menuNo=6010200,1,금리,2,1,‘19 말,CD (91 일),1.53
2021-07-09,https://mofe.go.kr/st/ecnmyidx/detailTbEconomyIndicatorView.do?bbsId=MOSFBBS_000000000045&searchNttId1=MOSF_000000000055776&menuNo=6010200,1,금리,2,2,‘20 말,CD (91 일),0.66
2021-07-09,https://mofe.go.kr/st/ecnmyidx/detailTbEconomyIndicatorView.do?bbsId=MOSFBBS_000000000045&searchNttId1=MOSF_000000000055776&menuNo=6010200,1,금리,2,3,‘21.6 말,CD (91 일),0.68
2021-07-09,https://mofe.go.kr/st/ecnmyidx/detailTbEconomyIndicatorView.do?bbsId=MOSFBBS_000000000045&searchNttId1=MOSF_000000000055776&menuNo=6010200,1,금리,2,4,7.7,CD (91 일),0.69
2021-07-09,https://mofe.go.kr/st/ecnmyidx/detailTbEconomyIndicatorView.do?bbsId=MOSFBBS_000000000045&searchNttId1=MOSF_000000000055776&menuNo=6010200,1,금리,2,5,7.8,CD (91 일),0.69
2021-07-09,https://mofe.go.kr/st/ecnmyidx/detailTbEconomyIndicatorView.do?bbsId=MOSFBBS_000000000045&searchNttId1=MOSF_000000000055776&menuNo=6010200,1,금리,2,6,7.9,CD (91 일),0.68
2021-07-09,https://mofe.go.kr/st/ecnmyidx/detailTbEconomyIndicatorView.do?bbsId=MOSFBBS_000000000045&searchNttId1=MOSF_000000000055776&menuNo=6010200,1,금리,2,7,전일비,CD (91 일),△0.01
2021-07-09,https://mofe.go.kr/st/ecnmyidx/detailTbEconomyIndicatorView.do?bbsId=MOSFBBS_000000000045&searchNttId1=MOSF_000000000055776&menuNo=6010200,1,금리,2,8,20말비,CD (91 일),0.02
2021-07-09,https://mofe.go.kr/st/ecnmyidx/detailTbEconomyIndicatorView.do?bbsId=MOSFBBS_000000000045&searchNttId1=MOSF_000000000055776&menuNo=6010200,1,금리,3,0,,,국고채 (3년)
2021-07-09,https://mofe.go.kr/st/ecnmyidx/detailTbEconomyIndicatorView.do?bbsId=MOSFBBS_000000000045&searchNttId1=MOSF_000000000055776&menuNo=6010200,1,금리,3,1,‘19 말,국고채 (3년),1.36
2021-07-09,https://mofe.go.kr/st/ecnmyidx/detailTbEconomyIndicatorView.do?bbsId=MOSFBBS_000000000045&searchNttId1=MOSF_000000000055776&menuNo=6010200,1,금리,3,2,‘20 말,국고채 (3년),0.98
2021-07-09,https://mofe.go.kr/st/ecnmyidx/detailTbEconomyIndicatorView.do?bbsId=MOSFBBS_000000000045&searchNttId1=MOSF_000000000055776&menuNo=6010200,1,금리,3,3,‘21.6 말,국고채 (3년),1.45
2021-07-09,https://mofe.go.kr/st/ecnmyidx/detailTbEconomyIndicatorView.do?bbsId=MOSFBBS_000000000045&searchNttId1=MOSF_000000000055776&menuNo=6010200,1,금리,3,4,7.7,국고채 (3년),1.41
2021-07-09,https://mofe.go.kr/st/ecnmyidx/detailTbEconomyIndicatorView.do?bbsId=MOSFBBS_000000000045&searchNttId1=MOSF_000000000055776&menuNo=6010200,1,금리,3,5,7.8,국고채 (3년),1.36
2021-07-09,https://mofe.go.kr/st/ecnmyidx/detailTbEconomyIndicatorView.do?bbsId=MOSFBBS_000000000045&searchNttId1=MOSF_000000000055776&menuNo=6010200,1,금리,3,6,7.9,국고채 (3년),1.38
2021-07-09,https://mofe.go.kr/st/ecnmyidx/detailTbEconomyIndicatorView.do?bbsId=MOSFBBS_000000000045&searchNttId1=MOSF_000000000055776&menuNo=6010200,1,금리,3,7,전일비,국고채 (3년),0.02
2021-07-09,https://mofe.go.kr/st/ecnmyidx/detailTbEconomyIndicatorView.do?bbsId=MOSFBBS_000000000045&searchNttId1=MOSF_000000000055776&menuNo=6010200,1,금리,3,8,20말비,국고채 (3년),0.40
2021-07-09,https://mofe.go.kr/st/ecnmyidx/detailTbEconomyIndicatorView.do?bbsId=MOSFBBS_000000000045&searchNttId1=MOSF_000000000055776&menuNo=6010200,1,금리,4,0,,,"회사채 (3년, AA-)"
2021-07-09,https://mofe.go.kr/st/ecnmyidx/detailTbEconomyIndicatorView.do?bbsId=MOSFBBS_000000000045&searchNttId1=MOSF_000000000055776&menuNo=6010200,1,금리,4,1,‘19 말,"회사채 (3년, AA-)",1.94
2021-07-09,https://mofe.go.kr/st/ecnmyidx/detailTbEconomyIndicatorView.do?bbsId=MOSFBBS_000000000045&searchNttId1=MOSF_000000000055776&menuNo=6010200,1,금리,4,2,‘20 말,"회사채 (3년, AA-)",2.21
2021-07-09,https://mofe.go.kr/st/ecnmyidx/detailTbEconomyIndicatorView.do?bbsId=MOSFBBS_000000000045&searchNttId1=MOSF_000000000055776&menuNo=6010200,1,금리,4,3,‘21.6 말,"회사채 (3년, AA-)",1.97
2021-07-09,https://mofe.go.kr/st/ecnmyidx/detailTbEconomyIndicatorView.do?bbsId=MOSFBBS_000000000045&searchNttId1=MOSF_000000000055776&menuNo=6010200,1,금리,4,4,7.7,"회사채 (3년, AA-)",1.92
2021-07-09,https://mofe.go.kr/st/ecnmyidx/detailTbEconomyIndicatorView.do?bbsId=MOSFBBS_000000000045&searchNttId1=MOSF_000000000055776&menuNo=6010200,1,금리,4,5,7.8,"회사채 (3년, AA-)",1.87
2021-07-09,https://mofe.go.kr/st/ecnmyidx/detailTbEconomyIndicatorView.do?bbsId=MOSFBBS_000000000045&searchNttId1=MOSF_000000000055776&menuNo=6010200,1,금리,4,6,7.9,"회사채 (3년, AA-)",1.87
2021-07-09,https://mofe.go.kr/st/ecnmyidx/detailTbEconomyIndicatorView.do?bbsId=MOSFBBS_000000000045&searchNttId1=MOSF_000000000055776&menuNo=6010200,1,금리,4,7,전일비,"회사채 (3년, AA-)",0.01
2021-07-09,https://mofe.go.kr/st/ecnmyidx/detailTbEconomyIndicatorView.do?bbsId=MOSFBBS_000000000045&searchNttId1=MOSF_000000000055776&menuNo=6010200,1,금리,4,8,20말비,"회사채 (3년, AA-)",△0.33
2021-07-09,https://mofe.go.kr/st/ecnmyidx/detailTbEconomyIndicatorView.do?bbsId=MOSFBBS_000000000045&searchNttId1=MOSF_000000000055776&menuNo=6010200,1,금리,5,0,,,"외국인 채권 순매수 * (상장 , 억원)"
2021-07-09,https://mofe.go.kr/st/ecnmyidx/detailTbEconomyIndicatorView.do?bbsId=MOSFBBS_000000000045&searchNttId1=MOSF_000000000055776&menuNo=6010200,1,금리,5,1,‘19 말,"외국인 채권 순매수 * (상장 , 억원)",100
2021-07-09,https://mofe.go.kr/st/ecnmyidx/detailTbEconomyIndicatorView.do?bbsId=MOSFBBS_000000000045&searchNttId1=MOSF_000000000055776&menuNo=6010200,1,금리,5,2,‘20 말,"외국인 채권 순매수 * (상장 , 억원)","5,408"
2021-07-09,https://mofe.go.kr/st/ecnmyidx/detailTbEconomyIndicatorView.do?bbsId=MOSFBBS_000000000045&searchNttId1=MOSF_000000000055776&menuNo=6010200,1,금리,5,3,‘21.6 말,"외국인 채권 순매수 * (상장 , 억원)","13,500"
2021-07-09,https://mofe.go.kr/st/ecnmyidx/detailTbEconomyIndicatorView.do?bbsId=MOSFBBS_000000000045&searchNttId1=MOSF_000000000055776&menuNo=6010200,1,금리,5,4,7.7,"외국인 채권 순매수 * (상장 , 억원)","5,814"
2021-07-09,https://mofe.go.kr/st/ecnmyidx/detailTbEconomyIndicatorView.do?bbsId=MOSFBBS_000000000045&searchNttId1=MOSF_000000000055776&menuNo=6010200,1,금리,5,5,7.8,"외국인 채권 순매수 * (상장 , 억원)","2,156"
2021-07-09,https://mofe.go.kr/st/ecnmyidx/detailTbEconomyIndicatorView.do?bbsId=MOSFBBS_000000000045&searchNttId1=MOSF_000000000055776&menuNo=6010200,1,금리,5,6,7.9,"외국인 채권 순매수 * (상장 , 억원)","3,239"
2021-07-09,https://mofe.go.kr/st/ecnmyidx/detailTbEconomyIndicatorView.do?bbsId=MOSFBBS_000000000045&searchNttId1=MOSF_000000000055776&menuNo=6010200,1,금리,5,7,전일비,"외국인 채권 순매수 * (상장 , 억원)","1,083"
2021-07-09,https://mofe.go.kr/st/ecnmyidx/detailTbEconomyIndicatorView.do?bbsId=MOSFBBS_000000000045&searchNttId1=MOSF_000000000055776&menuNo=6010200,1,금리,5,8,20말비,"외국인 채권 순매수 * (상장 , 억원)",-
2021-07-09,https://mofe.go.kr/st/ecnmyidx/detailTbEconomyIndicatorView.do?bbsId=MOSFBBS_000000000045&searchNttId1=MOSF_000000000055776&menuNo=6010200,2,주가,0,0,,,
2021-07-09,https://mofe.go.kr/st/ecnmyidx/detailTbEconomyIndicatorView.do?bbsId=MOSFBBS_000000000045&searchNttId1=MOSF_000000000055776&menuNo=6010200,2,주가,0,1,,,‘19 말
2021-07-09,https://mofe.go.kr/st/ecnmyidx/detailTbEconomyIndicatorView.do?bbsId=MOSFBBS_000000000045&searchNttId1=MOSF_000000000055776&menuNo=6010200,2,주가,0,2,,,‘20 말
2021-07-09,https://mofe.go.kr/st/ecnmyidx/detailTbEconomyIndicatorView.do?bbsId=MOSFBBS_000000000045&searchNttId1=MOSF_000000000055776&menuNo=6010200,2,주가,0,3,,,‘21.6 말
2021-07-09,https://mofe.go.kr/st/ecnmyidx/detailTbEconomyIndicatorView.do?bbsId=MOSFBBS_000000000045&searchNttId1=MOSF_000000000055776&menuNo=6010200,2,주가,0,4,,,7.7
2021-07-09,https://mofe.go.kr/st/ecnmyidx/detailTbEconomyIndicatorView.do?bbsId=MOSFBBS_000000000045&searchNttId1=MOSF_000000000055776&menuNo=6010200,2,주가,0,5,,,7.8
2021-07-09,https://mofe.go.kr/st/ecnmyidx/detailTbEconomyIndicatorView.do?bbsId=MOSFBBS_000000000045&searchNttId1=MOSF_000000000055776&menuNo=6010200,2,주가,0,6,,,7.9
2021-07-09,https://mofe.go.kr/st/ecnmyidx/detailTbEconomyIndicatorView.do?bbsId=MOSFBBS_000000000045&searchNttId1=MOSF_000000000055776&menuNo=6010200,2,주가,0,7,,,전일비
2021-07-09,https://mofe.go.kr/st/ecnmyidx/detailTbEconomyIndicatorView.do?bbsId=MOSFBBS_000000000045&searchNttId1=MOSF_000000000055776&menuNo=6010200,2,주가,0,8,,,20말비
2021-07-09,https://mofe.go.kr/st/ecnmyidx/detailTbEconomyIndicatorView.do?bbsId=MOSFBBS_000000000045&searchNttId1=MOSF_000000000055776&menuNo=6010200,2,주가,1,0,,,KOSPI
2021-07-09,https://mofe.go.kr/st/ecnmyidx/detailTbEconomyIndicatorView.do?bbsId=MOSFBBS_000000000045&searchNttId1=MOSF_000000000055776&menuNo=6010200,2,주가,1,1,‘19 말,KOSPI,"2,197.67"
2021-07-09,https://mofe.go.kr/st/ecnmyidx/detailTbEconomyIndicatorView.do?bbsId=MOSFBBS_000000000045&searchNttId1=MOSF_000000000055776&menuNo=6010200,2,주가,1,2,‘20 말,KOSPI,"2,873.47"
2021-07-09,https://mofe.go.kr/st/ecnmyidx/detailTbEconomyIndicatorView.do?bbsId=MOSFBBS_000000000045&searchNttId1=MOSF_000000000055776&menuNo=6010200,2,주가,1,3,‘21.6 말,KOSPI,"3,296.68"
2021-07-09,https://mofe.go.kr/st/ecnmyidx/detailTbEconomyIndicatorView.do?bbsId=MOSFBBS_000000000045&searchNttId1=MOSF_000000000055776&menuNo=6010200,2,주가,1,4,7.7,KOSPI,"3,285.34"
2021-07-09,https://mofe.go.kr/st/ecnmyidx/detailTbEconomyIndicatorView.do?bbsId=MOSFBBS_000000000045&searchNttId1=MOSF_000000000055776&menuNo=6010200,2,주가,1,5,7.8,KOSPI,"3,252.68"
2021-07-09,https://mofe.go.kr/st/ecnmyidx/detailTbEconomyIndicatorView.do?bbsId=MOSFBBS_000000000045&searchNttId1=MOSF_000000000055776&menuNo=6010200,2,주가,1,6,7.9,KOSPI,"3,217.95"
2021-07-09,https://mofe.go.kr/st/ecnmyidx/detailTbEconomyIndicatorView.do?bbsId=MOSFBBS_000000000045&searchNttId1=MOSF_000000000055776&menuNo=6010200,2,주가,1,7,전일비,KOSPI,△1.07%
2021-07-09,https://mofe.go.kr/st/ecnmyidx/detailTbEconomyIndicatorView.do?bbsId=MOSFBBS_000000000045&searchNttId1=MOSF_000000000055776&menuNo=6010200,2,주가,1,8,20말비,KOSPI,11.99%
2021-07-09,https://mofe.go.kr/st/ecnmyidx/detailTbEconomyIndicatorView.do?bbsId=MOSFBBS_000000000045&searchNttId1=MOSF_000000000055776&menuNo=6010200,2,주가,2,0,,,"- 거래대금 (억원, 일평균)"
2021-07-09,https://mofe.go.kr/st/ecnmyidx/detailTbEconomyIndicatorView.do?bbsId=MOSFBBS_000000000045&searchNttId1=MOSF_000000000055776&menuNo=6010200,2,주가,2,1,‘19 말,"- 거래대금 (억원, 일평균)","54,296"
2021-07-09,https://mofe.go.kr/st/ecnmyidx/detailTbEconomyIndicatorView.do?bbsId=MOSFBBS_000000000045&searchNttId1=MOSF_000000000055776&menuNo=6010200,2,주가,2,2,‘20 말,"- 거래대금 (억원, 일평균)","179,288"
2021-07-09,https://mofe.go.kr/st/ecnmyidx/detailTbEconomyIndicatorView.do?bbsId=MOSFBBS_000000000045&searchNttId1=MOSF_000000000055776&menuNo=6010200,2,주가,2,3,‘21.6 말,"- 거래대금 (억원, 일평균)","175,957"
2021-07-09,https://mofe.go.kr/st/ecnmyidx/detailTbEconomyIndicatorView.do?bbsId=MOSFBBS_000000000045&searchNttId1=MOSF_000000000055776&menuNo=6010200,2,주가,2,4,7.7,"- 거래대금 (억원, 일평균)","167,332"
2021-07-09,https://mofe.go.kr/st/ecnmyidx/detailTbEconomyIndicatorView.do?bbsId=MOSFBBS_000000000045&searchNttId1=MOSF_000000000055776&menuNo=6010200,2,주가,2,5,7.8,"- 거래대금 (억원, 일평균)","167,728"
2021-07-09,https://mofe.go.kr/st/ecnmyidx/detailTbEconomyIndicatorView.do?bbsId=MOSFBBS_000000000045&searchNttId1=MOSF_000000000055776&menuNo=6010200,2,주가,2,6,7.9,"- 거래대금 (억원, 일평균)","195,418"
2021-07-09,https://mofe.go.kr/st/ecnmyidx/detailTbEconomyIndicatorView.do?bbsId=MOSFBBS_000000000045&searchNttId1=MOSF_000000000055776&menuNo=6010200,2,주가,2,7,전일비,"- 거래대금 (억원, 일평균)",16.51%
2021-07-09,https://mofe.go.kr/st/ecnmyidx/detailTbEconomyIndicatorView.do?bbsId=MOSFBBS_000000000045&searchNttId1=MOSF_000000000055776&menuNo=6010200,2,주가,2,8,20말비,"- 거래대금 (억원, 일평균)",-
2021-07-09,https://mofe.go.kr/st/ecnmyidx/detailTbEconomyIndicatorView.do?bbsId=MOSFBBS_000000000045&searchNttId1=MOSF_000000000055776&menuNo=6010200,2,주가,3,0,,,KOSDAQ
2021-07-09,https://mofe.go.kr/st/ecnmyidx/detailTbEconomyIndicatorView.do?bbsId=MOSFBBS_000000000045&searchNttId1=MOSF_000000000055776&menuNo=6010200,2,주가,3,1,‘19 말,KOSDAQ,669.83
2021-07-09,https://mofe.go.kr/st/ecnmyidx/detailTbEconomyIndicatorView.do?bbsId=MOSFBBS_000000000045&searchNttId1=MOSF_000000000055776&menuNo=6010200,2,주가,3,2,‘20 말,KOSDAQ,968.42
2021-07-09,https://mofe.go.kr/st/ecnmyidx/detailTbEconomyIndicatorView.do?bbsId=MOSFBBS_000000000045&searchNttId1=MOSF_000000000055776&menuNo=6010200,2,주가,3,3,‘21.6 말,KOSDAQ,"1,029.96"
2021-07-09,https://mofe.go.kr/st/ecnmyidx/detailTbEconomyIndicatorView.do?bbsId=MOSFBBS_000000000045&searchNttId1=MOSF_000000000055776&menuNo=6010200,2,주가,3,4,7.7,KOSDAQ,"1,047.36"
2021-07-09,https://mofe.go.kr/st/ecnmyidx/detailTbEconomyIndicatorView.do?bbsId=MOSFBBS_000000000045&searchNttId1=MOSF_000000000055776&menuNo=6010200,2,주가,3,5,7.8,KOSDAQ,"1,034.48"
2021-07-09,https://mofe.go.kr/st/ecnmyidx/detailTbEconomyIndicatorView.do?bbsId=MOSFBBS_000000000045&searchNttId1=MOSF_000000000055776&menuNo=6010200,2,주가,3,6,7.9,KOSDAQ,"1,028.93"
2021-07-09,https://mofe.go.kr/st/ecnmyidx/detailTbEconomyIndicatorView.do?bbsId=MOSFBBS_000000000045&searchNttId1=MOSF_000000000055776&menuNo=6010200,2,주가,3,7,전일비,KOSDAQ,△0.54%
2021-07-09,https://mofe.go.kr/st/ecnmyidx/detailTbEconomyIndicatorView.do?bbsId=MOSFBBS_000000000045&searchNttId1=MOSF_000000000055776&menuNo=6010200,2,주가,3,8,20말비,KOSDAQ,6.25%
2021-07-09,https://mofe.go.kr/st/ecnmyidx/detailTbEconomyIndicatorView.do?bbsId=MOSFBBS_000000000045&searchNttId1=MOSF_000000000055776&menuNo=6010200,2,주가,4,0,,,"외국인순매수 (억원, 기간 중 * )"
2021-07-09,https://mofe.go.kr/st/ecnmyidx/detailTbEconomyIndicatorView.do?bbsId=MOSFBBS_000000000045&searchNttId1=MOSF_000000000055776&menuNo=6010200,2,주가,4,1,‘19 말,"외국인순매수 (억원, 기간 중 * )","△2,816"
2021-07-09,https://mofe.go.kr/st/ecnmyidx/detailTbEconomyIndicatorView.do?bbsId=MOSFBBS_000000000045&searchNttId1=MOSF_000000000055776&menuNo=6010200,2,주가,4,2,‘20 말,"외국인순매수 (억원, 기간 중 * )","1,840"
2021-07-09,https://mofe.go.kr/st/ecnmyidx/detailTbEconomyIndicatorView.do?bbsId=MOSFBBS_000000000045&searchNttId1=MOSF_000000000055776&menuNo=6010200,2,주가,4,3,‘21.6 말,"외국인순매수 (억원, 기간 중 * )",662
2021-07-09,https://mofe.go.kr/st/ecnmyidx/detailTbEconomyIndicatorView.do?bbsId=MOSFBBS_000000000045&searchNttId1=MOSF_000000000055776&menuNo=6010200,2,주가,4,4,7.7,"외국인순매수 (억원, 기간 중 * )","△1,799"
2021-07-09,https://mofe.go.kr/st/ecnmyidx/detailTbEconomyIndicatorView.do?bbsId=MOSFBBS_000000000045&searchNttId1=MOSF_000000000055776&menuNo=6010200,2,주가,4,5,7.8,"외국인순매수 (억원, 기간 중 * )","△7,038"
2021-07-09,https://mofe.go.kr/st/ecnmyidx/detailTbEconomyIndicatorView.do?bbsId=MOSFBBS_000000000045&searchNttId1=MOSF_000000000055776&menuNo=6010200,2,주가,4,6,7.9,"외국인순매수 (억원, 기간 중 * )","△12,610"
2021-07-09,https://mofe.go.kr/st/ecnmyidx/detailTbEconomyIndicatorView.do?bbsId=MOSFBBS_000000000045&searchNttId1=MOSF_000000000055776&menuNo=6010200,2,주가,4,7,전일비,"외국인순매수 (억원, 기간 중 * )",79
2021-07-09,https://mofe.go.kr/st/ecnmyidx/detailTbEconomyIndicatorView.do?bbsId=MOSFBBS_000000000045&searchNttId1=MOSF_000000000055776&menuNo=6010200,2,주가,4,8,20말비,"외국인순매수 (억원, 기간 중 * )",-
2021-07-09,https://mofe.go.kr/st/ecnmyidx/detailTbEconomyIndicatorView.do?bbsId=MOSFBBS_000000000045&searchNttId1=MOSF_000000000055776&menuNo=6010200,3,환율,0,0,,,
2021-07-09,https://mofe.go.kr/st/ecnmyidx/detailTbEconomyIndicatorView.do?bbsId=MOSFBBS_000000000045&searchNttId1=MOSF_000000000055776&menuNo=6010200,3,환율,0,1,,,‘19 말
2021-07-09,https://mofe.go.kr/st/ecnmyidx/detailTbEconomyIndicatorView.do?bbsId=MOSFBBS_000000000045&searchNttId1=MOSF_000000000055776&menuNo=6010200,3,환율,0,2,,,‘20 말
2021-07-09,https://mofe.go.kr/st/ecnmyidx/detailTbEconomyIndicatorView.do?bbsId=MOSFBBS_000000000045&searchNttId1=MOSF_000000000055776&menuNo=6010200,3,환율,0,3,,,‘21.6 말
2021-07-09,https://mofe.go.kr/st/ecnmyidx/detailTbEconomyIndicatorView.do?bbsId=MOSFBBS_000000000045&searchNttId1=MOSF_000000000055776&menuNo=6010200,3,환율,0,4,,,7.7
2021-07-09,https://mofe.go.kr/st/ecnmyidx/detailTbEconomyIndicatorView.do?bbsId=MOSFBBS_000000000045&searchNttId1=MOSF_000000000055776&menuNo=6010200,3,환율,0,5,,,7.8
2021-07-09,https://mofe.go.kr/st/ecnmyidx/detailTbEconomyIndicatorView.do?bbsId=MOSFBBS_000000000045&searchNttId1=MOSF_000000000055776&menuNo=6010200,3,환율,0,6,,,7.9
2021-07-09,https://mofe.go.kr/st/ecnmyidx/detailTbEconomyIndicatorView.do?bbsId=MOSFBBS_000000000045&searchNttId1=MOSF_000000000055776&menuNo=6010200,3,환율,0,7,,,전일비
2021-07-09,https://mofe.go.kr/st/ecnmyidx/detailTbEconomyIndicatorView.do?bbsId=MOSFBBS_000000000045&searchNttId1=MOSF_000000000055776&menuNo=6010200,3,환율,0,8,,,20말비
2021-07-09,https://mofe.go.kr/st/ecnmyidx/detailTbEconomyIndicatorView.do?bbsId=MOSFBBS_000000000045&searchNttId1=MOSF_000000000055776&menuNo=6010200,3,환율,1,0,,,￦/ U$
2021-07-09,https://mofe.go.kr/st/ecnmyidx/detailTbEconomyIndicatorView.do?bbsId=MOSFBBS_000000000045&searchNttId1=MOSF_000000000055776&menuNo=6010200,3,환율,1,1,‘19 말,￦/ U$,"1,156.40"
2021-07-09,https://mofe.go.kr/st/ecnmyidx/detailTbEconomyIndicatorView.do?bbsId=MOSFBBS_000000000045&searchNttId1=MOSF_000000000055776&menuNo=6010200,3,환율,1,2,‘20 말,￦/ U$,"1,086.30"
2021-07-09,https://mofe.go.kr/st/ecnmyidx/detailTbEconomyIndicatorView.do?bbsId=MOSFBBS_000000000045&searchNttId1=MOSF_000000000055776&menuNo=6010200,3,환율,1,3,‘21.6 말,￦/ U$,"1,126.10"
2021-07-09,https://mofe.go.kr/st/ecnmyidx/detailTbEconomyIndicatorView.do?bbsId=MOSFBBS_000000000045&searchNttId1=MOSF_000000000055776&menuNo=6010200,3,환율,1,4,7.7,￦/ U$,"1,138.10"
2021-07-09,https://mofe.go.kr/st/ecnmyidx/detailTbEconomyIndicatorView.do?bbsId=MOSFBBS_000000000045&searchNttId1=MOSF_000000000055776&menuNo=6010200,3,환율,1,5,7.8,￦/ U$,"1,145.00"
2021-07-09,https://mofe.go.kr/st/ecnmyidx/detailTbEconomyIndicatorView.do?bbsId=MOSFBBS_000000000045&searchNttId1=MOSF_000000000055776&menuNo=6010200,3,환율,1,6,7.9,￦/ U$,"1,149.10"
2021-07-09,https://mofe.go.kr/st/ecnmyidx/detailTbEconomyIndicatorView.do?bbsId=MOSFBBS_000000000045&searchNttId1=MOSF_000000000055776&menuNo=6010200,3,환율,1,7,전일비,￦/ U$,0.36
2021-07-09,https://mofe.go.kr/st/ecnmyidx/detailTbEconomyIndicatorView.do?bbsId=MOSFBBS_000000000045&searchNttId1=MOSF_000000000055776&menuNo=6010200,3,환율,1,8,20말비,￦/ U$,5.78
2021-07-09,https://mofe.go.kr/st/ecnmyidx/detailTbEconomyIndicatorView.do?bbsId=MOSFBBS_000000000045&searchNttId1=MOSF_000000000055776&menuNo=6010200,3,환율,2,0,,,"선물환( NDF,1 월물)"
2021-07-09,https://mofe.go.kr/st/ecnmyidx/detailTbEconomyIndicatorView.do?bbsId=MOSFBBS_000000000045&searchNttId1=MOSF_000000000055776&menuNo=6010200,3,환율,2,1,‘19 말,"선물환( NDF,1 월물)","1,155.40"
2021-07-09,https://mofe.go.kr/st/ecnmyidx/detailTbEconomyIndicatorView.do?bbsId=MOSFBBS_000000000045&searchNttId1=MOSF_000000000055776&menuNo=6010200,3,환율,2,2,‘20 말,"선물환( NDF,1 월물)","1,086.30"
2021-07-09,https://mofe.go.kr/st/ecnmyidx/detailTbEconomyIndicatorView.do?bbsId=MOSFBBS_000000000045&searchNttId1=MOSF_000000000055776&menuNo=6010200,3,환율,2,3,‘21.6 말,"선물환( NDF,1 월물)","1,126.60"
2021-07-09,https://mofe.go.kr/st/ecnmyidx/detailTbEconomyIndicatorView.do?bbsId=MOSFBBS_000000000045&searchNttId1=MOSF_000000000055776&menuNo=6010200,3,환율,2,4,7.7,"선물환( NDF,1 월물)","1,138.30"
2021-07-09,https://mofe.go.kr/st/ecnmyidx/detailTbEconomyIndicatorView.do?bbsId=MOSFBBS_000000000045&searchNttId1=MOSF_000000000055776&menuNo=6010200,3,환율,2,5,7.8,"선물환( NDF,1 월물)","1,145.30"
2021-07-09,https://mofe.go.kr/st/ecnmyidx/detailTbEconomyIndicatorView.do?bbsId=MOSFBBS_000000000045&searchNttId1=MOSF_000000000055776&menuNo=6010200,3,환율,2,6,7.9,"선물환( NDF,1 월물)","1,149.20"
2021-07-09,https://mofe.go.kr/st/ecnmyidx/detailTbEconomyIndicatorView.do?bbsId=MOSFBBS_000000000045&searchNttId1=MOSF_000000000055776&menuNo=6010200,3,환율,2,7,전일비,"선물환( NDF,1 월물)",0.34
2021-07-09,https://mofe.go.kr/st/ecnmyidx/detailTbEconomyIndicatorView.do?bbsId=MOSFBBS_000000000045&searchNttId1=MOSF_000000000055776&menuNo=6010200,3,환율,2,8,20말비,"선물환( NDF,1 월물)",5.79
2021-07-09,https://mofe.go.kr/st/ecnmyidx/detailTbEconomyIndicatorView.do?bbsId=MOSFBBS_000000000045&searchNttId1=MOSF_000000000055776&menuNo=6010200,3,환율,3,0,,,￦/ CNY
2021-07-09,https://mofe.go.kr/st/ecnmyidx/detailTbEconomyIndicatorView.do?bbsId=MOSFBBS_000000000045&searchNttId1=MOSF_000000000055776&menuNo=6010200,3,환율,3,1,‘19 말,￦/ CNY,165.50
2021-07-09,https://mofe.go.kr/st/ecnmyidx/detailTbEconomyIndicatorView.do?bbsId=MOSFBBS_000000000045&searchNttId1=MOSF_000000000055776&menuNo=6010200,3,환율,3,2,‘20 말,￦/ CNY,166.04
2021-07-09,https://mofe.go.kr/st/ecnmyidx/detailTbEconomyIndicatorView.do?bbsId=MOSFBBS_000000000045&searchNttId1=MOSF_000000000055776&menuNo=6010200,3,환율,3,3,‘21.6 말,￦/ CNY,174.33
2021-07-09,https://mofe.go.kr/st/ecnmyidx/detailTbEconomyIndicatorView.do?bbsId=MOSFBBS_000000000045&searchNttId1=MOSF_000000000055776&menuNo=6010200,3,환율,3,4,7.7,￦/ CNY,176.00
2021-07-09,https://mofe.go.kr/st/ecnmyidx/detailTbEconomyIndicatorView.do?bbsId=MOSFBBS_000000000045&searchNttId1=MOSF_000000000055776&menuNo=6010200,3,환율,3,5,7.8,￦/ CNY,176.64
2021-07-09,https://mofe.go.kr/st/ecnmyidx/detailTbEconomyIndicatorView.do?bbsId=MOSFBBS_000000000045&searchNttId1=MOSF_000000000055776&menuNo=6010200,3,환율,3,6,7.9,￦/ CNY,177.12
2021-07-09,https://mofe.go.kr/st/ecnmyidx/detailTbEconomyIndicatorView.do?bbsId=MOSFBBS_000000000045&searchNttId1=MOSF_000000000055776&menuNo=6010200,3,환율,3,7,전일비,￦/ CNY,0.27
2021-07-09,https://mofe.go.kr/st/ecnmyidx/detailTbEconomyIndicatorView.do?bbsId=MOSFBBS_000000000045&searchNttId1=MOSF_000000000055776&menuNo=6010200,3,환율,3,8,20말비,￦/ CNY,6.67
2021-07-09,https://mofe.go.kr/st/ecnmyidx/detailTbEconomyIndicatorView.do?bbsId=MOSFBBS_000000000045&searchNttId1=MOSF_000000000055776&menuNo=6010200,3,환율,4,0,,,￦/ Y100
2021-07-09,https://mofe.go.kr/st/ecnmyidx/detailTbEconomyIndicatorView.do?bbsId=MOSFBBS_000000000045&searchNttId1=MOSF_000000000055776&menuNo=6010200,3,환율,4,1,‘19 말,￦/ Y100,"1,059.75"
2021-07-09,https://mofe.go.kr/st/ecnmyidx/detailTbEconomyIndicatorView.do?bbsId=MOSFBBS_000000000045&searchNttId1=MOSF_000000000055776&menuNo=6010200,3,환율,4,2,‘20 말,￦/ Y100,"1,051.19"
2021-07-09,https://mofe.go.kr/st/ecnmyidx/detailTbEconomyIndicatorView.do?bbsId=MOSFBBS_000000000045&searchNttId1=MOSF_000000000055776&menuNo=6010200,3,환율,4,3,‘21.6 말,￦/ Y100,"1,019.28"
2021-07-09,https://mofe.go.kr/st/ecnmyidx/detailTbEconomyIndicatorView.do?bbsId=MOSFBBS_000000000045&searchNttId1=MOSF_000000000055776&menuNo=6010200,3,환율,4,4,7.7,￦/ Y100,"1,028.37"
2021-07-09,https://mofe.go.kr/st/ecnmyidx/detailTbEconomyIndicatorView.do?bbsId=MOSFBBS_000000000045&searchNttId1=MOSF_000000000055776&menuNo=6010200,3,환율,4,5,7.8,￦/ Y100,"1,038.45"
2021-07-09,https://mofe.go.kr/st/ecnmyidx/detailTbEconomyIndicatorView.do?bbsId=MOSFBBS_000000000045&searchNttId1=MOSF_000000000055776&menuNo=6010200,3,환율,4,6,7.9,￦/ Y100,"1,044.16"
2021-07-09,https://mofe.go.kr/st/ecnmyidx/detailTbEconomyIndicatorView.do?bbsId=MOSFBBS_000000000045&searchNttId1=MOSF_000000000055776&menuNo=6010200,3,환율,4,7,전일비,￦/ Y100,0.55
2021-07-09,https://mofe.go.kr/st/ecnmyidx/detailTbEconomyIndicatorView.do?bbsId=MOSFBBS_000000000045&searchNttId1=MOSF_000000000055776&menuNo=6010200,3,환율,4,8,20말비,￦/ Y100,△0.67
2021-07-09,https://mofe.go.kr/st/ecnmyidx/detailTbEconomyIndicatorView.do?bbsId=MOSFBBS_000000000045&searchNttId1=MOSF_000000000055776&menuNo=6010200,3,환율,5,0,,,Y/U$
2021-07-09,https://mofe.go.kr/st/ecnmyidx/detailTbEconomyIndicatorView.do?bbsId=MOSFBBS_000000000045&searchNttId1=MOSF_000000000055776&menuNo=6010200,3,환율,5,1,‘19 말,Y/U$,109.12
2021-07-09,https://mofe.go.kr/st/ecnmyidx/detailTbEconomyIndicatorView.do?bbsId=MOSFBBS_000000000045&searchNttId1=MOSF_000000000055776&menuNo=6010200,3,환율,5,2,‘20 말,Y/U$,103.34
2021-07-09,https://mofe.go.kr/st/ecnmyidx/detailTbEconomyIndicatorView.do?bbsId=MOSFBBS_000000000045&searchNttId1=MOSF_000000000055776&menuNo=6010200,3,환율,5,3,‘21.6 말,Y/U$,110.48
2021-07-09,https://mofe.go.kr/st/ecnmyidx/detailTbEconomyIndicatorView.do?bbsId=MOSFBBS_000000000045&searchNttId1=MOSF_000000000055776&menuNo=6010200,3,환율,5,4,7.7,Y/U$,110.67
2021-07-09,https://mofe.go.kr/st/ecnmyidx/detailTbEconomyIndicatorView.do?bbsId=MOSFBBS_000000000045&searchNttId1=MOSF_000000000055776&menuNo=6010200,3,환율,5,5,7.8,Y/U$,110.26
2021-07-09,https://mofe.go.kr/st/ecnmyidx/detailTbEconomyIndicatorView.do?bbsId=MOSFBBS_000000000045&searchNttId1=MOSF_000000000055776&menuNo=6010200,3,환율,5,6,7.9,Y/U$,110.05
2021-07-09,https://mofe.go.kr/st/ecnmyidx/detailTbEconomyIndicatorView.do?bbsId=MOSFBBS_000000000045&searchNttId1=MOSF_000000000055776&menuNo=6010200,3,환율,5,7,전일비,Y/U$,△0.19
2021-07-09,https://mofe.go.kr/st/ecnmyidx/detailTbEconomyIndicatorView.do?bbsId=MOSFBBS_000000000045&searchNttId1=MOSF_000000000055776&menuNo=6010200,3,환율,5,8,20말비,Y/U$,6.49
2021-07-09,https://mofe.go.kr/st/ecnmyidx/detailTbEconomyIndicatorView.do?bbsId=MOSFBBS_000000000045&searchNttId1=MOSF_000000000055776&menuNo=6010200,3,환율,6,0,,,U$/EUR
2021-07-09,https://mofe.go.kr/st/ecnmyidx/detailTbEconomyIndicatorView.do?bbsId=MOSFBBS_000000000045&searchNttId1=MOSF_000000000055776&menuNo=6010200,3,환율,6,1,‘19 말,U$/EUR,1.1194
2021-07-09,https://mofe.go.kr/st/ecnmyidx/detailTbEconomyIndicatorView.do?bbsId=MOSFBBS_000000000045&searchNttId1=MOSF_000000000055776&menuNo=6010200,3,환율,6,2,‘20 말,U$/EUR,1.2279
2021-07-09,https://mofe.go.kr/st/ecnmyidx/detailTbEconomyIndicatorView.do?bbsId=MOSFBBS_000000000045&searchNttId1=MOSF_000000000055776&menuNo=6010200,3,환율,6,3,‘21.6 말,U$/EUR,1.1898
2021-07-09,https://mofe.go.kr/st/ecnmyidx/detailTbEconomyIndicatorView.do?bbsId=MOSFBBS_000000000045&searchNttId1=MOSF_000000000055776&menuNo=6010200,3,환율,6,4,7.7,U$/EUR,1.1826
2021-07-09,https://mofe.go.kr/st/ecnmyidx/detailTbEconomyIndicatorView.do?bbsId=MOSFBBS_000000000045&searchNttId1=MOSF_000000000055776&menuNo=6010200,3,환율,6,5,7.8,U$/EUR,1.1799
2021-07-09,https://mofe.go.kr/st/ecnmyidx/detailTbEconomyIndicatorView.do?bbsId=MOSFBBS_000000000045&searchNttId1=MOSF_000000000055776&menuNo=6010200,3,환율,6,6,7.9,U$/EUR,1.1827
2021-07-09,https://mofe.go.kr/st/ecnmyidx/detailTbEconomyIndicatorView.do?bbsId=MOSFBBS_000000000045&searchNttId1=MOSF_000000000055776&menuNo=6010200,3,환율,6,7,전일비,U$/EUR,0.24
2021-07-09,https://mofe.go.kr/st/ecnmyidx/detailTbEconomyIndicatorView.do?bbsId=MOSFBBS_000000000045&searchNttId1=MOSF_000000000055776&menuNo=6010200,3,환율,6,8,20말비,U$/EUR,△3.68
2021-07-09,https://mofe.go.kr/st/ecnmyidx/detailTbEconomyIndicatorView.do?bbsId=MOSFBBS_000000000045&searchNttId1=MOSF_000000000055776&menuNo=6010200,3,환율,7,0,,,CNY/U$
2021-07-09,https://mofe.go.kr/st/ecnmyidx/detailTbEconomyIndicatorView.do?bbsId=MOSFBBS_000000000045&searchNttId1=MOSF_000000000055776&menuNo=6010200,3,환율,7,1,‘19 말,CNY/U$,6.9848
2021-07-09,https://mofe.go.kr/st/ecnmyidx/detailTbEconomyIndicatorView.do?bbsId=MOSFBBS_000000000045&searchNttId1=MOSF_000000000055776&menuNo=6010200,3,환율,7,2,‘20 말,CNY/U$,6.5305
2021-07-09,https://mofe.go.kr/st/ecnmyidx/detailTbEconomyIndicatorView.do?bbsId=MOSFBBS_000000000045&searchNttId1=MOSF_000000000055776&menuNo=6010200,3,환율,7,3,‘21.6 말,CNY/U$,6.4539
2021-07-09,https://mofe.go.kr/st/ecnmyidx/detailTbEconomyIndicatorView.do?bbsId=MOSFBBS_000000000045&searchNttId1=MOSF_000000000055776&menuNo=6010200,3,환율,7,4,7.7,CNY/U$,6.4659
2021-07-09,https://mofe.go.kr/st/ecnmyidx/detailTbEconomyIndicatorView.do?bbsId=MOSFBBS_000000000045&searchNttId1=MOSF_000000000055776&menuNo=6010200,3,환율,7,5,7.8,CNY/U$,6.4757
2021-07-09,https://mofe.go.kr/st/ecnmyidx/detailTbEconomyIndicatorView.do?bbsId=MOSFBBS_000000000045&searchNttId1=MOSF_000000000055776&menuNo=6010200,3,환율,7,6,7.9,CNY/U$,6.4895
2021-07-09,https://mofe.go.kr/st/ecnmyidx/detailTbEconomyIndicatorView.do?bbsId=MOSFBBS_000000000045&searchNttId1=MOSF_000000000055776&menuNo=6010200,3,환율,7,7,전일비,CNY/U$,0.21
2021-07-09,https://mofe.go.kr/st/ecnmyidx/detailTbEconomyIndicatorView.do?bbsId=MOSFBBS_000000000045&searchNttId1=MOSF_000000000055776&menuNo=6010200,3,환율,7,8,20말비,CNY/U$,△0.63
2021-07-09,https://mofe.go.kr/st/ecnmyidx/detailTbEconomyIndicatorView.do?bbsId=MOSFBBS_000000000045&searchNttId1=MOSF_000000000055776&menuNo=6010200,4,국제금리 ․ 주가 ․ 가산금리,0,0,,,
2021-07-09,https://mofe.go.kr/st/ecnmyidx/detailTbEconomyIndicatorView.do?bbsId=MOSFBBS_000000000045&searchNttId1=MOSF_000000000055776&menuNo=6010200,4,국제금리 ․ 주가 ․ 가산금리,0,1,,,‘19 말
2021-07-09,https://mofe.go.kr/st/ecnmyidx/detailTbEconomyIndicatorView.do?bbsId=MOSFBBS_000000000045&searchNttId1=MOSF_000000000055776&menuNo=6010200,4,국제금리 ․ 주가 ․ 가산금리,0,2,,,‘20 말
2021-07-09,https://mofe.go.kr/st/ecnmyidx/detailTbEconomyIndicatorView.do?bbsId=MOSFBBS_000000000045&searchNttId1=MOSF_000000000055776&menuNo=6010200,4,국제금리 ․ 주가 ․ 가산금리,0,3,,,’21.6 말
2021-07-09,https://mofe.go.kr/st/ecnmyidx/detailTbEconomyIndicatorView.do?bbsId=MOSFBBS_000000000045&searchNttId1=MOSF_000000000055776&menuNo=6010200,4,국제금리 ․ 주가 ․ 가산금리,0,4,,,7.7
2021-07-09,https://mofe.go.kr/st/ecnmyidx/detailTbEconomyIndicatorView.do?bbsId=MOSFBBS_000000000045&searchNttId1=MOSF_000000000055776&menuNo=6010200,4,국제금리 ․ 주가 ․ 가산금리,0,5,,,7.8
2021-07-09,https://mofe.go.kr/st/ecnmyidx/detailTbEconomyIndicatorView.do?bbsId=MOSFBBS_000000000045&searchNttId1=MOSF_000000000055776&menuNo=6010200,4,국제금리 ․ 주가 ․ 가산금리,0,6,,,7.9
2021-07-09,https://mofe.go.kr/st/ecnmyidx/detailTbEconomyIndicatorView.do?bbsId=MOSFBBS_000000000045&searchNttId1=MOSF_000000000055776&menuNo=6010200,4,국제금리 ․ 주가 ․ 가산금리,0,7,,,전일비
2021-07-09,https://mofe.go.kr/st/ecnmyidx/detailTbEconomyIndicatorView.do?bbsId=MOSFBBS_000000000045&searchNttId1=MOSF_000000000055776&menuNo=6010200,4,국제금리 ․ 주가 ․ 가산금리,0,8,,,20말비
2021-07-09,https://mofe.go.kr/st/ecnmyidx/detailTbEconomyIndicatorView.do?bbsId=MOSFBBS_000000000045&searchNttId1=MOSF_000000000055776&menuNo=6010200,4,국제금리 ․ 주가 ․ 가산금리,1,0,,,"LIBOR ($, 3 월, %)"
2021-07-09,https://mofe.go.kr/st/ecnmyidx/detailTbEconomyIndicatorView.do?bbsId=MOSFBBS_000000000045&searchNttId1=MOSF_000000000055776&menuNo=6010200,4,국제금리 ․ 주가 ․ 가산금리,1,1,‘19 말,"LIBOR ($, 3 월, %)",1.94
2021-07-09,https://mofe.go.kr/st/ecnmyidx/detailTbEconomyIndicatorView.do?bbsId=MOSFBBS_000000000045&searchNttId1=MOSF_000000000055776&menuNo=6010200,4,국제금리 ․ 주가 ․ 가산금리,1,2,‘20 말,"LIBOR ($, 3 월, %)",0.25
2021-07-09,https://mofe.go.kr/st/ecnmyidx/detailTbEconomyIndicatorView.do?bbsId=MOSFBBS_000000000045&searchNttId1=MOSF_000000000055776&menuNo=6010200,4,국제금리 ․ 주가 ․ 가산금리,1,3,’21.6 말,"LIBOR ($, 3 월, %)",0.15
2021-07-09,https://mofe.go.kr/st/ecnmyidx/detailTbEconomyIndicatorView.do?bbsId=MOSFBBS_000000000045&searchNttId1=MOSF_000000000055776&menuNo=6010200,4,국제금리 ․ 주가 ․ 가산금리,1,4,7.7,"LIBOR ($, 3 월, %)",0.14
2021-07-09,https://mofe.go.kr/st/ecnmyidx/detailTbEconomyIndicatorView.do?bbsId=MOSFBBS_000000000045&searchNttId1=MOSF_000000000055776&menuNo=6010200,4,국제금리 ․ 주가 ․ 가산금리,1,5,7.8,"LIBOR ($, 3 월, %)",0.13
2021-07-09,https://mofe.go.kr/st/ecnmyidx/detailTbEconomyIndicatorView.do?bbsId=MOSFBBS_000000000045&searchNttId1=MOSF_000000000055776&menuNo=6010200,4,국제금리 ․ 주가 ․ 가산금리,1,6,7.9,"LIBOR ($, 3 월, %)",0.12
2021-07-09,https://mofe.go.kr/st/ecnmyidx/detailTbEconomyIndicatorView.do?bbsId=MOSFBBS_000000000045&searchNttId1=MOSF_000000000055776&menuNo=6010200,4,국제금리 ․ 주가 ․ 가산금리,1,7,전일비,"LIBOR ($, 3 월, %)",△0.01
2021-07-09,https://mofe.go.kr/st/ecnmyidx/detailTbEconomyIndicatorView.do?bbsId=MOSFBBS_000000000045&searchNttId1=MOSF_000000000055776&menuNo=6010200,4,국제금리 ․ 주가 ․ 가산금리,1,8,20말비,"LIBOR ($, 3 월, %)",△0.13
2021-07-09,https://mofe.go.kr/st/ecnmyidx/detailTbEconomyIndicatorView.do?bbsId=MOSFBBS_000000000045&searchNttId1=MOSF_000000000055776&menuNo=6010200,4,국제금리 ․ 주가 ․ 가산금리,2,0,,,DOW
2021-07-09,https://mofe.go.kr/st/ecnmyidx/detailTbEconomyIndicatorView.do?bbsId=MOSFBBS_000000000045&searchNttId1=MOSF_000000000055776&menuNo=6010200,4,국제금리 ․ 주가 ․ 가산금리,2,1,‘19 말,DOW,"28,645"
2021-07-09,https://mofe.go.kr/st/ecnmyidx/detailTbEconomyIndicatorView.do?bbsId=MOSFBBS_000000000045&searchNttId1=MOSF_000000000055776&menuNo=6010200,4,국제금리 ․ 주가 ․ 가산금리,2,2,‘20 말,DOW,"30,410"
2021-07-09,https://mofe.go.kr/st/ecnmyidx/detailTbEconomyIndicatorView.do?bbsId=MOSFBBS_000000000045&searchNttId1=MOSF_000000000055776&menuNo=6010200,4,국제금리 ․ 주가 ․ 가산금리,2,3,’21.6 말,DOW,"34,292"
2021-07-09,https://mofe.go.kr/st/ecnmyidx/detailTbEconomyIndicatorView.do?bbsId=MOSFBBS_000000000045&searchNttId1=MOSF_000000000055776&menuNo=6010200,4,국제금리 ․ 주가 ․ 가산금리,2,4,7.7,DOW,"34,577"
2021-07-09,https://mofe.go.kr/st/ecnmyidx/detailTbEconomyIndicatorView.do?bbsId=MOSFBBS_000000000045&searchNttId1=MOSF_000000000055776&menuNo=6010200,4,국제금리 ․ 주가 ․ 가산금리,2,5,7.8,DOW,"34,682"
2021-07-09,https://mofe.go.kr/st/ecnmyidx/detailTbEconomyIndicatorView.do?bbsId=MOSFBBS_000000000045&searchNttId1=MOSF_000000000055776&menuNo=6010200,4,국제금리 ․ 주가 ․ 가산금리,2,6,7.9,DOW,"34,422"
2021-07-09,https://mofe.go.kr/st/ecnmyidx/detailTbEconomyIndicatorView.do?bbsId=MOSFBBS_000000000045&searchNttId1=MOSF_000000000055776&menuNo=6010200,4,국제금리 ․ 주가 ․ 가산금리,2,7,전일비,DOW,△0.75%
2021-07-09,https://mofe.go.kr/st/ecnmyidx/detailTbEconomyIndicatorView.do?bbsId=MOSFBBS_000000000045&searchNttId1=MOSF_000000000055776&menuNo=6010200,4,국제금리 ․ 주가 ․ 가산금리,2,8,20말비,DOW,13.19%
2021-07-09,https://mofe.go.kr/st/ecnmyidx/detailTbEconomyIndicatorView.do?bbsId=MOSFBBS_000000000045&searchNttId1=MOSF_000000000055776&menuNo=6010200,4,국제금리 ․ 주가 ․ 가산금리,3,0,,,NIKKEI
2021-07-09,https://mofe.go.kr/st/ecnmyidx/detailTbEconomyIndicatorView.do?bbsId=MOSFBBS_000000000045&searchNttId1=MOSF_000000000055776&menuNo=6010200,4,국제금리 ․ 주가 ․ 가산금리,3,1,‘19 말,NIKKEI,"23,657"
2021-07-09,https://mofe.go.kr/st/ecnmyidx/detailTbEconomyIndicatorView.do?bbsId=MOSFBBS_000000000045&searchNttId1=MOSF_000000000055776&menuNo=6010200,4,국제금리 ․ 주가 ․ 가산금리,3,2,‘20 말,NIKKEI,"27,444"
2021-07-09,https://mofe.go.kr/st/ecnmyidx/detailTbEconomyIndicatorView.do?bbsId=MOSFBBS_000000000045&searchNttId1=MOSF_000000000055776&menuNo=6010200,4,국제금리 ․ 주가 ․ 가산금리,3,3,’21.6 말,NIKKEI,"28,792"
2021-07-09,https://mofe.go.kr/st/ecnmyidx/detailTbEconomyIndicatorView.do?bbsId=MOSFBBS_000000000045&searchNttId1=MOSF_000000000055776&menuNo=6010200,4,국제금리 ․ 주가 ․ 가산금리,3,4,7.7,NIKKEI,"28,367"
2021-07-09,https://mofe.go.kr/st/ecnmyidx/detailTbEconomyIndicatorView.do?bbsId=MOSFBBS_000000000045&searchNttId1=MOSF_000000000055776&menuNo=6010200,4,국제금리 ․ 주가 ․ 가산금리,3,5,7.8,NIKKEI,"28,118"
2021-07-09,https://mofe.go.kr/st/ecnmyidx/detailTbEconomyIndicatorView.do?bbsId=MOSFBBS_000000000045&searchNttId1=MOSF_000000000055776&menuNo=6010200,4,국제금리 ․ 주가 ․ 가산금리,3,6,7.9,NIKKEI,"27,940"
2021-07-09,https://mofe.go.kr/st/ecnmyidx/detailTbEconomyIndicatorView.do?bbsId=MOSFBBS_000000000045&searchNttId1=MOSF_000000000055776&menuNo=6010200,4,국제금리 ․ 주가 ․ 가산금리,3,7,전일비,NIKKEI,△0.63%
2021-07-09,https://mofe.go.kr/st/ecnmyidx/detailTbEconomyIndicatorView.do?bbsId=MOSFBBS_000000000045&searchNttId1=MOSF_000000000055776&menuNo=6010200,4,국제금리 ․ 주가 ․ 가산금리,3,8,20말비,NIKKEI,1.81%
2021-07-09,https://mofe.go.kr/st/ecnmyidx/detailTbEconomyIndicatorView.do?bbsId=MOSFBBS_000000000045&searchNttId1=MOSF_000000000055776&menuNo=6010200,4,국제금리 ․ 주가 ․ 가산금리,4,0,,,SHANGHAI COMP
2021-07-09,https://mofe.go.kr/st/ecnmyidx/detailTbEconomyIndicatorView.do?bbsId=MOSFBBS_000000000045&searchNttId1=MOSF_000000000055776&menuNo=6010200,4,국제금리 ․ 주가 ․ 가산금리,4,1,‘19 말,SHANGHAI COMP,"3,040"
2021-07-09,https://mofe.go.kr/st/ecnmyidx/detailTbEconomyIndicatorView.do?bbsId=MOSFBBS_000000000045&searchNttId1=MOSF_000000000055776&menuNo=6010200,4,국제금리 ․ 주가 ․ 가산금리,4,2,‘20 말,SHANGHAI COMP,"3,473"
2021-07-09,https://mofe.go.kr/st/ecnmyidx/detailTbEconomyIndicatorView.do?bbsId=MOSFBBS_000000000045&searchNttId1=MOSF_000000000055776&menuNo=6010200,4,국제금리 ․ 주가 ․ 가산금리,4,3,’21.6 말,SHANGHAI COMP,"3,591"
2021-07-09,https://mofe.go.kr/st/ecnmyidx/detailTbEconomyIndicatorView.do?bbsId=MOSFBBS_000000000045&searchNttId1=MOSF_000000000055776&menuNo=6010200,4,국제금리 ․ 주가 ․ 가산금리,4,4,7.7,SHANGHAI COMP,"3,554"
2021-07-09,https://mofe.go.kr/st/ecnmyidx/detailTbEconomyIndicatorView.do?bbsId=MOSFBBS_000000000045&searchNttId1=MOSF_000000000055776&menuNo=6010200,4,국제금리 ․ 주가 ․ 가산금리,4,5,7.8,SHANGHAI COMP,"3,526"
2021-07-09,https://mofe.go.kr/st/ecnmyidx/detailTbEconomyIndicatorView.do?bbsId=MOSFBBS_000000000045&searchNttId1=MOSF_000000000055776&menuNo=6010200,4,국제금리 ․ 주가 ․ 가산금리,4,6,7.9,SHANGHAI COMP,"3,524"
2021-07-09,https://mofe.go.kr/st/ecnmyidx/detailTbEconomyIndicatorView.do?bbsId=MOSFBBS_000000000045&searchNttId1=MOSF_000000000055776&menuNo=6010200,4,국제금리 ․ 주가 ․ 가산금리,4,7,전일비,SHANGHAI COMP,△0.04%
2021-07-09,https://mofe.go.kr/st/ecnmyidx/detailTbEconomyIndicatorView.do?bbsId=MOSFBBS_000000000045&searchNttId1=MOSF_000000000055776&menuNo=6010200,4,국제금리 ․ 주가 ․ 가산금리,4,8,20말비,SHANGHAI COMP,1.47%
2021-07-09,https://mofe.go.kr/st/ecnmyidx/detailTbEconomyIndicatorView.do?bbsId=MOSFBBS_000000000045&searchNttId1=MOSF_000000000055776&menuNo=6010200,4,국제금리 ․ 주가 ․ 가산금리,5,0,,,"외평채가산금리(30년만기, bp)"
2021-07-09,https://mofe.go.kr/st/ecnmyidx/detailTbEconomyIndicatorView.do?bbsId=MOSFBBS_000000000045&searchNttId1=MOSF_000000000055776&menuNo=6010200,4,국제금리 ․ 주가 ․ 가산금리,5,1,‘19 말,"외평채가산금리(30년만기, bp)",50
2021-07-09,https://mofe.go.kr/st/ecnmyidx/detailTbEconomyIndicatorView.do?bbsId=MOSFBBS_000000000045&searchNttId1=MOSF_000000000055776&menuNo=6010200,4,국제금리 ․ 주가 ․ 가산금리,5,2,‘20 말,"외평채가산금리(30년만기, bp)",32
2021-07-09,https://mofe.go.kr/st/ecnmyidx/detailTbEconomyIndicatorView.do?bbsId=MOSFBBS_000000000045&searchNttId1=MOSF_000000000055776&menuNo=6010200,4,국제금리 ․ 주가 ․ 가산금리,5,3,’21.6 말,"외평채가산금리(30년만기, bp)",19
2021-07-09,https://mofe.go.kr/st/ecnmyidx/detailTbEconomyIndicatorView.do?bbsId=MOSFBBS_000000000045&searchNttId1=MOSF_000000000055776&menuNo=6010200,4,국제금리 ․ 주가 ․ 가산금리,5,4,7.7,"외평채가산금리(30년만기, bp)",20
2021-07-09,https://mofe.go.kr/st/ecnmyidx/detailTbEconomyIndicatorView.do?bbsId=MOSFBBS_000000000045&searchNttId1=MOSF_000000000055776&menuNo=6010200,4,국제금리 ․ 주가 ․ 가산금리,5,5,7.8,"외평채가산금리(30년만기, bp)",19
2021-07-09,https://mofe.go.kr/st/ecnmyidx/detailTbEconomyIndicatorView.do?bbsId=MOSFBBS_000000000045&searchNttId1=MOSF_000000000055776&menuNo=6010200,4,국제금리 ․ 주가 ․ 가산금리,5,6,7.9,"외평채가산금리(30년만기, bp)",19
2021-07-09,https://mofe.go.kr/st/ecnmyidx/detailTbEconomyIndicatorView.do?bbsId=MOSFBBS_000000000045&searchNttId1=MOSF_000000000055776&menuNo=6010200,4,국제금리 ․ 주가 ․ 가산금리,5,7,전일비,"외평채가산금리(30년만기, bp)",0
2021-07-09,https://mofe.go.kr/st/ecnmyidx/detailTbEconomyIndicatorView.do?bbsId=MOSFBBS_000000000045&searchNttId1=MOSF_000000000055776&menuNo=6010200,4,국제금리 ․ 주가 ․ 가산금리,5,8,20말비,"외평채가산금리(30년만기, bp)",△13.00
2021-07-09,https://mofe.go.kr/st/ecnmyidx/detailTbEconomyIndicatorView.do?bbsId=MOSFBBS_000000000045&searchNttId1=MOSF_000000000055776&menuNo=6010200,4,국제금리 ․ 주가 ․ 가산금리,6,0,,,"CDS (5 년, bp)"
2021-07-09,https://mofe.go.kr/st/ecnmyidx/detailTbEconomyIndicatorView.do?bbsId=MOSFBBS_000000000045&searchNttId1=MOSF_000000000055776&menuNo=6010200,4,국제금리 ․ 주가 ․ 가산금리,6,1,‘19 말,"CDS (5 년, bp)",22
2021-07-09,https://mofe.go.kr/st/ecnmyidx/detailTbEconomyIndicatorView.do?bbsId=MOSFBBS_000000000045&searchNttId1=MOSF_000000000055776&menuNo=6010200,4,국제금리 ․ 주가 ․ 가산금리,6,2,‘20 말,"CDS (5 년, bp)",22
2021-07-09,https://mofe.go.kr/st/ecnmyidx/detailTbEconomyIndicatorView.do?bbsId=MOSFBBS_000000000045&searchNttId1=MOSF_000000000055776&menuNo=6010200,4,국제금리 ․ 주가 ․ 가산금리,6,3,’21.6 말,"CDS (5 년, bp)",18
2021-07-09,https://mofe.go.kr/st/ecnmyidx/detailTbEconomyIndicatorView.do?bbsId=MOSFBBS_000000000045&searchNttId1=MOSF_000000000055776&menuNo=6010200,4,국제금리 ․ 주가 ․ 가산금리,6,4,7.7,"CDS (5 년, bp)",19
2021-07-09,https://mofe.go.kr/st/ecnmyidx/detailTbEconomyIndicatorView.do?bbsId=MOSFBBS_000000000045&searchNttId1=MOSF_000000000055776&menuNo=6010200,4,국제금리 ․ 주가 ․ 가산금리,6,5,7.8,"CDS (5 년, bp)",18
2021-07-09,https://mofe.go.kr/st/ecnmyidx/detailTbEconomyIndicatorView.do?bbsId=MOSFBBS_000000000045&searchNttId1=MOSF_000000000055776&menuNo=6010200,4,국제금리 ․ 주가 ․ 가산금리,6,6,7.9,"CDS (5 년, bp)",18
2021-07-09,https://mofe.go.kr/st/ecnmyidx/detailTbEconomyIndicatorView.do?bbsId=MOSFBBS_000000000045&searchNttId1=MOSF_000000000055776&menuNo=6010200,4,국제금리 ․ 주가 ․ 가산금리,6,7,전일비,"CDS (5 년, bp)",0.10
2021-07-09,https://mofe.go.kr/st/ecnmyidx/detailTbEconomyIndicatorView.do?bbsId=MOSFBBS_000000000045&searchNttId1=MOSF_000000000055776&menuNo=6010200,4,국제금리 ․ 주가 ․ 가산금리,6,8,20말비,"CDS (5 년, bp)",△3.97
2021-07-09,https://mofe.go.kr/st/ecnmyidx/detailTbEconomyIndicatorView.do?bbsId=MOSFBBS_000000000045&searchNttId1=MOSF_000000000055776&menuNo=6010200,4,국제금리 ․ 주가 ․ 가산금리,7,0,,,"CRS (1 년, %)"
2021-07-09,https://mofe.go.kr/st/ecnmyidx/detailTbEconomyIndicatorView.do?bbsId=MOSFBBS_000000000045&searchNttId1=MOSF_000000000055776&menuNo=6010200,4,국제금리 ․ 주가 ․ 가산금리,7,1,‘19 말,"CRS (1 년, %)",0.83
2021-07-09,https://mofe.go.kr/st/ecnmyidx/detailTbEconomyIndicatorView.do?bbsId=MOSFBBS_000000000045&searchNttId1=MOSF_000000000055776&menuNo=6010200,4,국제금리 ․ 주가 ․ 가산금리,7,2,‘20 말,"CRS (1 년, %)",0.24
2021-07-09,https://mofe.go.kr/st/ecnmyidx/detailTbEconomyIndicatorView.do?bbsId=MOSFBBS_000000000045&searchNttId1=MOSF_000000000055776&menuNo=6010200,4,국제금리 ․ 주가 ․ 가산금리,7,3,’21.6 말,"CRS (1 년, %)",0.43
2021-07-09,https://mofe.go.kr/st/ecnmyidx/detailTbEconomyIndicatorView.do?bbsId=MOSFBBS_000000000045&searchNttId1=MOSF_000000000055776&menuNo=6010200,4,국제금리 ․ 주가 ․ 가산금리,7,4,7.7,"CRS (1 년, %)",0.37
2021-07-09,https://mofe.go.kr/st/ecnmyidx/detailTbEconomyIndicatorView.do?bbsId=MOSFBBS_000000000045&searchNttId1=MOSF_000000000055776&menuNo=6010200,4,국제금리 ․ 주가 ․ 가산금리,7,5,7.8,"CRS (1 년, %)",0.37
2021-07-09,https://mofe.go.kr/st/ecnmyidx/detailTbEconomyIndicatorView.do?bbsId=MOSFBBS_000000000045&searchNttId1=MOSF_000000000055776&menuNo=6010200,4,국제금리 ․ 주가 ․ 가산금리,7,6,7.9,"CRS (1 년, %)",0.38
2021-07-09,https://mofe.go.kr/st/ecnmyidx/detailTbEconomyIndicatorView.do?bbsId=MOSFBBS_000000000045&searchNttId1=MOSF_000000000055776&menuNo=6010200,4,국제금리 ․ 주가 ․ 가산금리,7,7,전일비,"CRS (1 년, %)",0.02
2021-07-09,https://mofe.go.kr/st/ecnmyidx/detailTbEconomyIndicatorView.do?bbsId=MOSFBBS_000000000045&searchNttId1=MOSF_000000000055776&menuNo=6010200,4,국제금리 ․ 주가 ․ 가산금리,7,8,20말비,"CRS (1 년, %)",0.14
2021-07-09,https://mofe.go.kr/st/ecnmyidx/detailTbEconomyIndicatorView.do?bbsId=MOSFBBS_000000000045&searchNttId1=MOSF_000000000055776&menuNo=6010200,5,유가 곡물 원자재,0,0,,,
2021-07-09,https://mofe.go.kr/st/ecnmyidx/detailTbEconomyIndicatorView.do?bbsId=MOSFBBS_000000000045&searchNttId1=MOSF_000000000055776&menuNo=6010200,5,유가 곡물 원자재,0,1,,,‘19 말
2021-07-09,https://mofe.go.kr/st/ecnmyidx/detailTbEconomyIndicatorView.do?bbsId=MOSFBBS_000000000045&searchNttId1=MOSF_000000000055776&menuNo=6010200,5,유가 곡물 원자재,0,2,,,‘20 말
2021-07-09,https://mofe.go.kr/st/ecnmyidx/detailTbEconomyIndicatorView.do?bbsId=MOSFBBS_000000000045&searchNttId1=MOSF_000000000055776&menuNo=6010200,5,유가 곡물 원자재,0,3,,,’21.6 말
2021-07-09,https://mofe.go.kr/st/ecnmyidx/detailTbEconomyIndicatorView.do?bbsId=MOSFBBS_000000000045&searchNttId1=MOSF_000000000055776&menuNo=6010200,5,유가 곡물 원자재,0,4,,,7.6
2021-07-09,https://mofe.go.kr/st/ecnmyidx/detailTbEconomyIndicatorView.do?bbsId=MOSFBBS_000000000045&searchNttId1=MOSF_000000000055776&menuNo=6010200,5,유가 곡물 원자재,0,5,,,7.7
2021-07-09,https://mofe.go.kr/st/ecnmyidx/detailTbEconomyIndicatorView.do?bbsId=MOSFBBS_000000000045&searchNttId1=MOSF_000000000055776&menuNo=6010200,5,유가 곡물 원자재,0,6,,,7.8
2021-07-09,https://mofe.go.kr/st/ecnmyidx/detailTbEconomyIndicatorView.do?bbsId=MOSFBBS_000000000045&searchNttId1=MOSF_000000000055776&menuNo=6010200,5,유가 곡물 원자재,0,7,,,전일비
2021-07-09,https://mofe.go.kr/st/ecnmyidx/detailTbEconomyIndicatorView.do?bbsId=MOSFBBS_000000000045&searchNttId1=MOSF_000000000055776&menuNo=6010200,5,유가 곡물 원자재,0,8,,,20말비
2021-07-09,https://mofe.go.kr/st/ecnmyidx/detailTbEconomyIndicatorView.do?bbsId=MOSFBBS_000000000045&searchNttId1=MOSF_000000000055776&menuNo=6010200,5,유가 곡물 원자재,1,0,,,Dubai ($/ 배럴)
2021-07-09,https://mofe.go.kr/st/ecnmyidx/detailTbEconomyIndicatorView.do?bbsId=MOSFBBS_000000000045&searchNttId1=MOSF_000000000055776&menuNo=6010200,5,유가 곡물 원자재,1,1,‘19 말,Dubai ($/ 배럴),67.27
2021-07-09,https://mofe.go.kr/st/ecnmyidx/detailTbEconomyIndicatorView.do?bbsId=MOSFBBS_000000000045&searchNttId1=MOSF_000000000055776&menuNo=6010200,5,유가 곡물 원자재,1,2,‘20 말,Dubai ($/ 배럴),51.14
2021-07-09,https://mofe.go.kr/st/ecnmyidx/detailTbEconomyIndicatorView.do?bbsId=MOSFBBS_000000000045&searchNttId1=MOSF_000000000055776&menuNo=6010200,5,유가 곡물 원자재,1,3,’21.6 말,Dubai ($/ 배럴),72.87
2021-07-09,https://mofe.go.kr/st/ecnmyidx/detailTbEconomyIndicatorView.do?bbsId=MOSFBBS_000000000045&searchNttId1=MOSF_000000000055776&menuNo=6010200,5,유가 곡물 원자재,1,4,7.6,Dubai ($/ 배럴),75.88
2021-07-09,https://mofe.go.kr/st/ecnmyidx/detailTbEconomyIndicatorView.do?bbsId=MOSFBBS_000000000045&searchNttId1=MOSF_000000000055776&menuNo=6010200,5,유가 곡물 원자재,1,5,7.7,Dubai ($/ 배럴),73.29
2021-07-09,https://mofe.go.kr/st/ecnmyidx/detailTbEconomyIndicatorView.do?bbsId=MOSFBBS_000000000045&searchNttId1=MOSF_000000000055776&menuNo=6010200,5,유가 곡물 원자재,1,6,7.8,Dubai ($/ 배럴),70.63
2021-07-09,https://mofe.go.kr/st/ecnmyidx/detailTbEconomyIndicatorView.do?bbsId=MOSFBBS_000000000045&searchNttId1=MOSF_000000000055776&menuNo=6010200,5,유가 곡물 원자재,1,7,전일비,Dubai ($/ 배럴),△3.63%
2021-07-09,https://mofe.go.kr/st/ecnmyidx/detailTbEconomyIndicatorView.do?bbsId=MOSFBBS_000000000045&searchNttId1=MOSF_000000000055776&menuNo=6010200,5,유가 곡물 원자재,1,8,20말비,Dubai ($/ 배럴),38.11%
2021-07-09,https://mofe.go.kr/st/ecnmyidx/detailTbEconomyIndicatorView.do?bbsId=MOSFBBS_000000000045&searchNttId1=MOSF_000000000055776&menuNo=6010200,5,유가 곡물 원자재,2,0,,,WTI 선물 ($/배럴)
2021-07-09,https://mofe.go.kr/st/ecnmyidx/detailTbEconomyIndicatorView.do?bbsId=MOSFBBS_000000000045&searchNttId1=MOSF_000000000055776&menuNo=6010200,5,유가 곡물 원자재,2,1,‘19 말,WTI 선물 ($/배럴),61.06
2021-07-09,https://mofe.go.kr/st/ecnmyidx/detailTbEconomyIndicatorView.do?bbsId=MOSFBBS_000000000045&searchNttId1=MOSF_000000000055776&menuNo=6010200,5,유가 곡물 원자재,2,2,‘20 말,WTI 선물 ($/배럴),48.52
2021-07-09,https://mofe.go.kr/st/ecnmyidx/detailTbEconomyIndicatorView.do?bbsId=MOSFBBS_000000000045&searchNttId1=MOSF_000000000055776&menuNo=6010200,5,유가 곡물 원자재,2,3,’21.6 말,WTI 선물 ($/배럴),73.47
2021-07-09,https://mofe.go.kr/st/ecnmyidx/detailTbEconomyIndicatorView.do?bbsId=MOSFBBS_000000000045&searchNttId1=MOSF_000000000055776&menuNo=6010200,5,유가 곡물 원자재,2,4,7.6,WTI 선물 ($/배럴),73.37
2021-07-09,https://mofe.go.kr/st/ecnmyidx/detailTbEconomyIndicatorView.do?bbsId=MOSFBBS_000000000045&searchNttId1=MOSF_000000000055776&menuNo=6010200,5,유가 곡물 원자재,2,5,7.7,WTI 선물 ($/배럴),72.20
2021-07-09,https://mofe.go.kr/st/ecnmyidx/detailTbEconomyIndicatorView.do?bbsId=MOSFBBS_000000000045&searchNttId1=MOSF_000000000055776&menuNo=6010200,5,유가 곡물 원자재,2,6,7.8,WTI 선물 ($/배럴),72.94
2021-07-09,https://mofe.go.kr/st/ecnmyidx/detailTbEconomyIndicatorView.do?bbsId=MOSFBBS_000000000045&searchNttId1=MOSF_000000000055776&menuNo=6010200,5,유가 곡물 원자재,2,7,전일비,WTI 선물 ($/배럴),1.02%
2021-07-09,https://mofe.go.kr/st/ecnmyidx/detailTbEconomyIndicatorView.do?bbsId=MOSFBBS_000000000045&searchNttId1=MOSF_000000000055776&menuNo=6010200,5,유가 곡물 원자재,2,8,20말비,WTI 선물 ($/배럴),50.33%
2021-07-09,https://mofe.go.kr/st/ecnmyidx/detailTbEconomyIndicatorView.do?bbsId=MOSFBBS_000000000045&searchNttId1=MOSF_000000000055776&menuNo=6010200,5,유가 곡물 원자재,3,0,,,밀 (센트/부셀)
2021-07-09,https://mofe.go.kr/st/ecnmyidx/detailTbEconomyIndicatorView.do?bbsId=MOSFBBS_000000000045&searchNttId1=MOSF_000000000055776&menuNo=6010200,5,유가 곡물 원자재,3,1,‘19 말,밀 (센트/부셀),559
2021-07-09,https://mofe.go.kr/st/ecnmyidx/detailTbEconomyIndicatorView.do?bbsId=MOSFBBS_000000000045&searchNttId1=MOSF_000000000055776&menuNo=6010200,5,유가 곡물 원자재,3,2,‘20 말,밀 (센트/부셀),641
2021-07-09,https://mofe.go.kr/st/ecnmyidx/detailTbEconomyIndicatorView.do?bbsId=MOSFBBS_000000000045&searchNttId1=MOSF_000000000055776&menuNo=6010200,5,유가 곡물 원자재,3,3,’21.6 말,밀 (센트/부셀),680
2021-07-09,https://mofe.go.kr/st/ecnmyidx/detailTbEconomyIndicatorView.do?bbsId=MOSFBBS_000000000045&searchNttId1=MOSF_000000000055776&menuNo=6010200,5,유가 곡물 원자재,3,4,7.6,밀 (센트/부셀),626
2021-07-09,https://mofe.go.kr/st/ecnmyidx/detailTbEconomyIndicatorView.do?bbsId=MOSFBBS_000000000045&searchNttId1=MOSF_000000000055776&menuNo=6010200,5,유가 곡물 원자재,3,5,7.7,밀 (센트/부셀),622
2021-07-09,https://mofe.go.kr/st/ecnmyidx/detailTbEconomyIndicatorView.do?bbsId=MOSFBBS_000000000045&searchNttId1=MOSF_000000000055776&menuNo=6010200,5,유가 곡물 원자재,3,6,7.8,밀 (센트/부셀),618
2021-07-09,https://mofe.go.kr/st/ecnmyidx/detailTbEconomyIndicatorView.do?bbsId=MOSFBBS_000000000045&searchNttId1=MOSF_000000000055776&menuNo=6010200,5,유가 곡물 원자재,3,7,전일비,밀 (센트/부셀),△0.64%
2021-07-09,https://mofe.go.kr/st/ecnmyidx/detailTbEconomyIndicatorView.do?bbsId=MOSFBBS_000000000045&searchNttId1=MOSF_000000000055776&menuNo=6010200,5,유가 곡물 원자재,3,8,20말비,밀 (센트/부셀),△3.59%
2021-07-09,https://mofe.go.kr/st/ecnmyidx/detailTbEconomyIndicatorView.do?bbsId=MOSFBBS_000000000045&searchNttId1=MOSF_000000000055776&menuNo=6010200,5,유가 곡물 원자재,4,0,,,옥수수 (센트/부셀)
2021-07-09,https://mofe.go.kr/st/ecnmyidx/detailTbEconomyIndicatorView.do?bbsId=MOSFBBS_000000000045&searchNttId1=MOSF_000000000055776&menuNo=6010200,5,유가 곡물 원자재,4,1,‘19 말,옥수수 (센트/부셀),388
2021-07-09,https://mofe.go.kr/st/ecnmyidx/detailTbEconomyIndicatorView.do?bbsId=MOSFBBS_000000000045&searchNttId1=MOSF_000000000055776&menuNo=6010200,5,유가 곡물 원자재,4,2,‘20 말,옥수수 (센트/부셀),484
2021-07-09,https://mofe.go.kr/st/ecnmyidx/detailTbEconomyIndicatorView.do?bbsId=MOSFBBS_000000000045&searchNttId1=MOSF_000000000055776&menuNo=6010200,5,유가 곡물 원자재,4,3,’21.6 말,옥수수 (센트/부셀),589
2021-07-09,https://mofe.go.kr/st/ecnmyidx/detailTbEconomyIndicatorView.do?bbsId=MOSFBBS_000000000045&searchNttId1=MOSF_000000000055776&menuNo=6010200,5,유가 곡물 원자재,4,4,7.6,옥수수 (센트/부셀),540
2021-07-09,https://mofe.go.kr/st/ecnmyidx/detailTbEconomyIndicatorView.do?bbsId=MOSFBBS_000000000045&searchNttId1=MOSF_000000000055776&menuNo=6010200,5,유가 곡물 원자재,4,5,7.7,옥수수 (센트/부셀),531
2021-07-09,https://mofe.go.kr/st/ecnmyidx/detailTbEconomyIndicatorView.do?bbsId=MOSFBBS_000000000045&searchNttId1=MOSF_000000000055776&menuNo=6010200,5,유가 곡물 원자재,4,6,7.8,옥수수 (센트/부셀),524
2021-07-09,https://mofe.go.kr/st/ecnmyidx/detailTbEconomyIndicatorView.do?bbsId=MOSFBBS_000000000045&searchNttId1=MOSF_000000000055776&menuNo=6010200,5,유가 곡물 원자재,4,7,전일비,옥수수 (센트/부셀),△1.32%
2021-07-09,https://mofe.go.kr/st/ecnmyidx/detailTbEconomyIndicatorView.do?bbsId=MOSFBBS_000000000045&searchNttId1=MOSF_000000000055776&menuNo=6010200,5,유가 곡물 원자재,4,8,20말비,옥수수 (센트/부셀),8.26%
2021-07-09,https://mofe.go.kr/st/ecnmyidx/detailTbEconomyIndicatorView.do?bbsId=MOSFBBS_000000000045&searchNttId1=MOSF_000000000055776&menuNo=6010200,5,유가 곡물 원자재,5,0,,,동 ($/톤)
2021-07-09,https://mofe.go.kr/st/ecnmyidx/detailTbEconomyIndicatorView.do?bbsId=MOSFBBS_000000000045&searchNttId1=MOSF_000000000055776&menuNo=6010200,5,유가 곡물 원자재,5,1,‘19 말,동 ($/톤),"6,156"
2021-07-09,https://mofe.go.kr/st/ecnmyidx/detailTbEconomyIndicatorView.do?bbsId=MOSFBBS_000000000045&searchNttId1=MOSF_000000000055776&menuNo=6010200,5,유가 곡물 원자재,5,2,‘20 말,동 ($/톤),"7,742"
2021-07-09,https://mofe.go.kr/st/ecnmyidx/detailTbEconomyIndicatorView.do?bbsId=MOSFBBS_000000000045&searchNttId1=MOSF_000000000055776&menuNo=6010200,5,유가 곡물 원자재,5,3,’21.6 말,동 ($/톤),"9,385"
2021-07-09,https://mofe.go.kr/st/ecnmyidx/detailTbEconomyIndicatorView.do?bbsId=MOSFBBS_000000000045&searchNttId1=MOSF_000000000055776&menuNo=6010200,5,유가 곡물 원자재,5,4,7.6,동 ($/톤),"9,528"
2021-07-09,https://mofe.go.kr/st/ecnmyidx/detailTbEconomyIndicatorView.do?bbsId=MOSFBBS_000000000045&searchNttId1=MOSF_000000000055776&menuNo=6010200,5,유가 곡물 원자재,5,5,7.7,동 ($/톤),"9,452"
2021-07-09,https://mofe.go.kr/st/ecnmyidx/detailTbEconomyIndicatorView.do?bbsId=MOSFBBS_000000000045&searchNttId1=MOSF_000000000055776&menuNo=6010200,5,유가 곡물 원자재,5,6,7.8,동 ($/톤),"9,265"
2021-07-09,https://mofe.go.kr/st/ecnmyidx/detailTbEconomyIndicatorView.do?bbsId=MOSFBBS_000000000045&searchNttId1=MOSF_000000000055776&menuNo=6010200,5,유가 곡물 원자재,5,7,전일비,동 ($/톤),△1.98%
2021-07-09,https://mofe.go.kr/st/ecnmyidx/detailTbEconomyIndicatorView.do?bbsId=MOSFBBS_000000000045&searchNttId1=MOSF_000000000055776&menuNo=6010200,5,유가 곡물 원자재,5,8,20말비,동 ($/톤),19.67%
2021-07-09,https://mofe.go.kr/st/ecnmyidx/detailTbEconomyIndicatorView.do?bbsId=MOSFBBS_000000000045&searchNttId1=MOSF_000000000055776&menuNo=6010200,5,유가 곡물 원자재,6,0,,,알루미늄 ($/톤)
2021-07-09,https://mofe.go.kr/st/ecnmyidx/detailTbEconomyIndicatorView.do?bbsId=MOSFBBS_000000000045&searchNttId1=MOSF_000000000055776&menuNo=6010200,5,유가 곡물 원자재,6,1,‘19 말,알루미늄 ($/톤),"1,800"
2021-07-09,https://mofe.go.kr/st/ecnmyidx/detailTbEconomyIndicatorView.do?bbsId=MOSFBBS_000000000045&searchNttId1=MOSF_000000000055776&menuNo=6010200,5,유가 곡물 원자재,6,2,‘20 말,알루미늄 ($/톤),"1,978"
2021-07-09,https://mofe.go.kr/st/ecnmyidx/detailTbEconomyIndicatorView.do?bbsId=MOSFBBS_000000000045&searchNttId1=MOSF_000000000055776&menuNo=6010200,5,유가 곡물 원자재,6,3,’21.6 말,알루미늄 ($/톤),"2,523"
2021-07-09,https://mofe.go.kr/st/ecnmyidx/detailTbEconomyIndicatorView.do?bbsId=MOSFBBS_000000000045&searchNttId1=MOSF_000000000055776&menuNo=6010200,5,유가 곡물 원자재,6,4,7.6,알루미늄 ($/톤),"2,530"
2021-07-09,https://mofe.go.kr/st/ecnmyidx/detailTbEconomyIndicatorView.do?bbsId=MOSFBBS_000000000045&searchNttId1=MOSF_000000000055776&menuNo=6010200,5,유가 곡물 원자재,6,5,7.7,알루미늄 ($/톤),"2,509"
2021-07-09,https://mofe.go.kr/st/ecnmyidx/detailTbEconomyIndicatorView.do?bbsId=MOSFBBS_000000000045&searchNttId1=MOSF_000000000055776&menuNo=6010200,5,유가 곡물 원자재,6,6,7.8,알루미늄 ($/톤),"2,435"
2021-07-09,https://mofe.go.kr/st/ecnmyidx/detailTbEconomyIndicatorView.do?bbsId=MOSFBBS_000000000045&searchNttId1=MOSF_000000000055776&menuNo=6010200,5,유가 곡물 원자재,6,7,전일비,알루미늄 ($/톤),△2.95%
2021-07-09,https://mofe.go.kr/st/ecnmyidx/detailTbEconomyIndicatorView.do?bbsId=MOSFBBS_000000000045&searchNttId1=MOSF_000000000055776&menuNo=6010200,5,유가 곡물 원자재,6,8,20말비,알루미늄 ($/톤),23.10%
2021-07-09,https://mofe.go.kr/st/ecnmyidx/detailTbEconomyIndicatorView.do?bbsId=MOSFBBS_000000000045&searchNttId1=MOSF_000000000055776&menuNo=6010200,6,반도체,0,0,,,
2021-07-09,https://mofe.go.kr/st/ecnmyidx/detailTbEconomyIndicatorView.do?bbsId=MOSFBBS_000000000045&searchNttId1=MOSF_000000000055776&menuNo=6010200,6,반도체,0,1,,,‘19
2021-07-09,https://mofe.go.kr/st/ecnmyidx/detailTbEconomyIndicatorView.do?bbsId=MOSFBBS_000000000045&searchNttId1=MOSF_000000000055776&menuNo=6010200,6,반도체,0,2,,,‘20
2021-07-09,https://mofe.go.kr/st/ecnmyidx/detailTbEconomyIndicatorView.do?bbsId=MOSFBBS_000000000045&searchNttId1=MOSF_000000000055776&menuNo=6010200,6,반도체,0,3,,,’21.4 월
2021-07-09,https://mofe.go.kr/st/ecnmyidx/detailTbEconomyIndicatorView.do?bbsId=MOSFBBS_000000000045&searchNttId1=MOSF_000000000055776&menuNo=6010200,6,반도체,0,4,,,5월
2021-07-09,https://mofe.go.kr/st/ecnmyidx/detailTbEconomyIndicatorView.do?bbsId=MOSFBBS_000000000045&searchNttId1=MOSF_000000000055776&menuNo=6010200,6,반도체,0,5,,,6월
2021-07-09,https://mofe.go.kr/st/ecnmyidx/detailTbEconomyIndicatorView.do?bbsId=MOSFBBS_000000000045&searchNttId1=MOSF_000000000055776&menuNo=6010200,6,반도체,0,6,,,7.6
2021-07-09,https://mofe.go.kr/st/ecnmyidx/detailTbEconomyIndicatorView.do?bbsId=MOSFBBS_000000000045&searchNttId1=MOSF_000000000055776&menuNo=6010200,6,반도체,0,7,,,7.7
2021-07-09,https://mofe.go.kr/st/ecnmyidx/detailTbEconomyIndicatorView.do?bbsId=MOSFBBS_000000000045&searchNttId1=MOSF_000000000055776&menuNo=6010200,6,반도체,0,8,,,7.8
2021-07-09,https://mofe.go.kr/st/ecnmyidx/detailTbEconomyIndicatorView.do?bbsId=MOSFBBS_000000000045&searchNttId1=MOSF_000000000055776&menuNo=6010200,6,반도체,0,9,,,7월 (~8)
2021-07-09,https://mofe.go.kr/st/ecnmyidx/detailTbEconomyIndicatorView.do?bbsId=MOSFBBS_000000000045&searchNttId1=MOSF_000000000055776&menuNo=6010200,6,반도체,1,0,,,"D 램(8 G) 현물가($, 기간평균)"
2021-07-09,https://mofe.go.kr/st/ecnmyidx/detailTbEconomyIndicatorView.do?bbsId=MOSFBBS_000000000045&searchNttId1=MOSF_000000000055776&menuNo=6010200,6,반도체,1,1,‘19,"D 램(8 G) 현물가($, 기간평균)",3.93
2021-07-09,https://mofe.go.kr/st/ecnmyidx/detailTbEconomyIndicatorView.do?bbsId=MOSFBBS_000000000045&searchNttId1=MOSF_000000000055776&menuNo=6010200,6,반도체,1,2,‘20,"D 램(8 G) 현물가($, 기간평균)",3.07
2021-07-09,https://mofe.go.kr/st/ecnmyidx/detailTbEconomyIndicatorView.do?bbsId=MOSFBBS_000000000045&searchNttId1=MOSF_000000000055776&menuNo=6010200,6,반도체,1,3,’21.4 월,"D 램(8 G) 현물가($, 기간평균)",4.41
2021-07-09,https://mofe.go.kr/st/ecnmyidx/detailTbEconomyIndicatorView.do?bbsId=MOSFBBS_000000000045&searchNttId1=MOSF_000000000055776&menuNo=6010200,6,반도체,1,4,5월,"D 램(8 G) 현물가($, 기간평균)",4.48
2021-07-09,https://mofe.go.kr/st/ecnmyidx/detailTbEconomyIndicatorView.do?bbsId=MOSFBBS_000000000045&searchNttId1=MOSF_000000000055776&menuNo=6010200,6,반도체,1,5,6월,"D 램(8 G) 현물가($, 기간평균)",4.52
2021-07-09,https://mofe.go.kr/st/ecnmyidx/detailTbEconomyIndicatorView.do?bbsId=MOSFBBS_000000000045&searchNttId1=MOSF_000000000055776&menuNo=6010200,6,반도체,1,6,7.6,"D 램(8 G) 현물가($, 기간평균)",4.59
2021-07-09,https://mofe.go.kr/st/ecnmyidx/detailTbEconomyIndicatorView.do?bbsId=MOSFBBS_000000000045&searchNttId1=MOSF_000000000055776&menuNo=6010200,6,반도체,1,7,7.7,"D 램(8 G) 현물가($, 기간평균)",4.60
2021-07-09,https://mofe.go.kr/st/ecnmyidx/detailTbEconomyIndicatorView.do?bbsId=MOSFBBS_000000000045&searchNttId1=MOSF_000000000055776&menuNo=6010200,6,반도체,1,8,7.8,"D 램(8 G) 현물가($, 기간평균)",4.60
2021-07-09,https://mofe.go.kr/st/ecnmyidx/detailTbEconomyIndicatorView.do?bbsId=MOSFBBS_000000000045&searchNttId1=MOSF_000000000055776&menuNo=6010200,6,반도체,1,9,7월 (~8),"D 램(8 G) 현물가($, 기간평균)",4.59
2021-07-09,https://mofe.go.kr/st/ecnmyidx/detailTbEconomyIndicatorView.do?bbsId=MOSFBBS_000000000045&searchNttId1=MOSF_000000000055776&menuNo=6010200,6,반도체,2,0,,,"(%, YoY)"
2021-07-09,https://mofe.go.kr/st/ecnmyidx/detailTbEconomyIndicatorView.do?bbsId=MOSFBBS_000000000045&searchNttId1=MOSF_000000000055776&menuNo=6010200,6,반도체,2,1,‘19,"(%, YoY)",△51.7
2021-07-09,https://mofe.go.kr/st/ecnmyidx/detailTbEconomyIndicatorView.do?bbsId=MOSFBBS_000000000045&searchNttId1=MOSF_000000000055776&menuNo=6010200,6,반도체,2,2,‘20,"(%, YoY)",△21.9
2021-07-09,https://mofe.go.kr/st/ecnmyidx/detailTbEconomyIndicatorView.do?bbsId=MOSFBBS_000000000045&searchNttId1=MOSF_000000000055776&menuNo=6010200,6,반도체,2,3,’21.4 월,"(%, YoY)",25.9
2021-07-09,https://mofe.go.kr/st/ecnmyidx/detailTbEconomyIndicatorView.do?bbsId=MOSFBBS_000000000045&searchNttId1=MOSF_000000000055776&menuNo=6010200,6,반도체,2,4,5월,"(%, YoY)",41.3
2021-07-09,https://mofe.go.kr/st/ecnmyidx/detailTbEconomyIndicatorView.do?bbsId=MOSFBBS_000000000045&searchNttId1=MOSF_000000000055776&menuNo=6010200,6,반도체,2,5,6월,"(%, YoY)",54.2
2021-07-09,https://mofe.go.kr/st/ecnmyidx/detailTbEconomyIndicatorView.do?bbsId=MOSFBBS_000000000045&searchNttId1=MOSF_000000000055776&menuNo=6010200,6,반도체,2,6,7.6,"(%, YoY)",69.1
2021-07-09,https://mofe.go.kr/st/ecnmyidx/detailTbEconomyIndicatorView.do?bbsId=MOSFBBS_000000000045&searchNttId1=MOSF_000000000055776&menuNo=6010200,6,반도체,2,7,7.7,"(%, YoY)",69.9
2021-07-09,https://mofe.go.kr/st/ecnmyidx/detailTbEconomyIndicatorView.do?bbsId=MOSFBBS_000000000045&searchNttId1=MOSF_000000000055776&menuNo=6010200,6,반도체,2,8,7.8,"(%, YoY)",70.4
2021-07-09,https://mofe.go.kr/st/ecnmyidx/detailTbEconomyIndicatorView.do?bbsId=MOSFBBS_000000000045&searchNttId1=MOSF_000000000055776&menuNo=6010200,6,반도체,2,9,7월 (~8),"(%, YoY)",71.6
2021-07-09,https://mofe.go.kr/st/ecnmyidx/detailTbEconomyIndicatorView.do?bbsId=MOSFBBS_000000000045&searchNttId1=MOSF_000000000055776&menuNo=6010200,6,반도체,3,0,,,"낸드(128 G) 현물가($, 기간평균)"
2021-07-09,https://mofe.go.kr/st/ecnmyidx/detailTbEconomyIndicatorView.do?bbsId=MOSFBBS_000000000045&searchNttId1=MOSF_000000000055776&menuNo=6010200,6,반도체,3,1,‘19,"낸드(128 G) 현물가($, 기간평균)",5.34
2021-07-09,https://mofe.go.kr/st/ecnmyidx/detailTbEconomyIndicatorView.do?bbsId=MOSFBBS_000000000045&searchNttId1=MOSF_000000000055776&menuNo=6010200,6,반도체,3,2,‘20,"낸드(128 G) 현물가($, 기간평균)",5.71
2021-07-09,https://mofe.go.kr/st/ecnmyidx/detailTbEconomyIndicatorView.do?bbsId=MOSFBBS_000000000045&searchNttId1=MOSF_000000000055776&menuNo=6010200,6,반도체,3,3,’21.4 월,"낸드(128 G) 현물가($, 기간평균)",6.00
2021-07-09,https://mofe.go.kr/st/ecnmyidx/detailTbEconomyIndicatorView.do?bbsId=MOSFBBS_000000000045&searchNttId1=MOSF_000000000055776&menuNo=6010200,6,반도체,3,4,5월,"낸드(128 G) 현물가($, 기간평균)",6.17
2021-07-09,https://mofe.go.kr/st/ecnmyidx/detailTbEconomyIndicatorView.do?bbsId=MOSFBBS_000000000045&searchNttId1=MOSF_000000000055776&menuNo=6010200,6,반도체,3,5,6월,"낸드(128 G) 현물가($, 기간평균)",6.51
2021-07-09,https://mofe.go.kr/st/ecnmyidx/detailTbEconomyIndicatorView.do?bbsId=MOSFBBS_000000000045&searchNttId1=MOSF_000000000055776&menuNo=6010200,6,반도체,3,6,7.6,"낸드(128 G) 현물가($, 기간평균)",6.68
2021-07-09,https://mofe.go.kr/st/ecnmyidx/detailTbEconomyIndicatorView.do?bbsId=MOSFBBS_000000000045&searchNttId1=MOSF_000000000055776&menuNo=6010200,6,반도체,3,7,7.7,"낸드(128 G) 현물가($, 기간평균)",6.71
2021-07-09,https://mofe.go.kr/st/ecnmyidx/detailTbEconomyIndicatorView.do?bbsId=MOSFBBS_000000000045&searchNttId1=MOSF_000000000055776&menuNo=6010200,6,반도체,3,8,7.8,"낸드(128 G) 현물가($, 기간평균)",6.71
2021-07-09,https://mofe.go.kr/st/ecnmyidx/detailTbEconomyIndicatorView.do?bbsId=MOSFBBS_000000000045&searchNttId1=MOSF_000000000055776&menuNo=6010200,6,반도체,3,9,7월 (~8),"낸드(128 G) 현물가($, 기간평균)",6.69
2021-07-09,https://mofe.go.kr/st/ecnmyidx/detailTbEconomyIndicatorView.do?bbsId=MOSFBBS_000000000045&searchNttId1=MOSF_000000000055776&menuNo=6010200,6,반도체,4,0,,,"(%, YoY)"
2021-07-09,https://mofe.go.kr/st/ecnmyidx/detailTbEconomyIndicatorView.do?bbsId=MOSFBBS_000000000045&searchNttId1=MOSF_000000000055776&menuNo=6010200,6,반도체,4,1,‘19,"(%, YoY)",△15.9
2021-07-09,https://mofe.go.kr/st/ecnmyidx/detailTbEconomyIndicatorView.do?bbsId=MOSFBBS_000000000045&searchNttId1=MOSF_000000000055776&menuNo=6010200,6,반도체,4,2,‘20,"(%, YoY)",7.0
2021-07-09,https://mofe.go.kr/st/ecnmyidx/detailTbEconomyIndicatorView.do?bbsId=MOSFBBS_000000000045&searchNttId1=MOSF_000000000055776&menuNo=6010200,6,반도체,4,3,’21.4 월,"(%, YoY)",4.2
2021-07-09,https://mofe.go.kr/st/ecnmyidx/detailTbEconomyIndicatorView.do?bbsId=MOSFBBS_000000000045&searchNttId1=MOSF_000000000055776&menuNo=6010200,6,반도체,4,4,5월,"(%, YoY)",9.2
2021-07-09,https://mofe.go.kr/st/ecnmyidx/detailTbEconomyIndicatorView.do?bbsId=MOSFBBS_000000000045&searchNttId1=MOSF_000000000055776&menuNo=6010200,6,반도체,4,5,6월,"(%, YoY)",20.2
2021-07-09,https://mofe.go.kr/st/ecnmyidx/detailTbEconomyIndicatorView.do?bbsId=MOSFBBS_000000000045&searchNttId1=MOSF_000000000055776&menuNo=6010200,6,반도체,4,6,7.6,"(%, YoY)",22.9
2021-07-09,https://mofe.go.kr/st/ecnmyidx/detailTbEconomyIndicatorView.do?bbsId=MOSFBBS_000000000045&searchNttId1=MOSF_000000000055776&menuNo=6010200,6,반도체,4,7,7.7,"(%, YoY)",23.4
2021-07-09,https://mofe.go.kr/st/ecnmyidx/detailTbEconomyIndicatorView.do?bbsId=MOSFBBS_000000000045&searchNttId1=MOSF_000000000055776&menuNo=6010200,6,반도체,4,8,7.8,"(%, YoY)",23.4
2021-07-09,https://mofe.go.kr/st/ecnmyidx/detailTbEconomyIndicatorView.do?bbsId=MOSFBBS_000000000045&searchNttId1=MOSF_000000000055776&menuNo=6010200,6,반도체,4,9,7월 (~8),"(%, YoY)",22.8
