data_date,source_url,table_idx,table_section,row,col,header_top,header_left,value
2024-08-19,https://mofe.go.kr/st/ecnmyidx/detailTbEconomyIndicatorView.do?bbsId=MOSFBBS_000000000045&searchNttId1=MOSF_000000000070286&menuNo=6010200,0,,0,0,,,일일경제지표 (24. 8. 19 월) 17:30 현재
2024-08-19,https://mofe.go.kr/st/ecnmyidx/detailTbEconomyIndicatorView.do?bbsId=MOSFBBS_000000000045&searchNttId1=MOSF_000000000070286&menuNo=6010200,1,금리,0,0,,,
2024-08-19,https://mofe.go.kr/st/ecnmyidx/detailTbEconomyIndicatorView.do?bbsId=MOSFBBS_000000000045&searchNttId1=MOSF_000000000070286&menuNo=6010200,1,금리,0,1,,,’ 22말
2024-08-19,https://mofe.go.kr/st/ecnmyidx/detailTbEconomyIndicatorView.do?bbsId=MOSFBBS_000000000045&searchNttId1=MOSF_000000000070286&menuNo=6010200,1,금리,0,2,,,’ 23말
2024-08-19,https://mofe.go.kr/st/ecnmyidx/detailTbEconomyIndicatorView.do?bbsId=MOSFBBS_000000000045&searchNttId1=MOSF_000000000070286&menuNo=6010200,1,금리,0,3,,,’ 24.7말
2024-08-19,https://mofe.go.kr/st/ecnmyidx/detailTbEconomyIndicatorView.do?bbsId=MOSFBBS_000000000045&searchNttId1=MOSF_000000000070286&menuNo=6010200,1,금리,0,4,,,8/14
2024-08-19,https://mofe.go.kr/st/ecnmyidx/detailTbEconomyIndicatorView.do?bbsId=MOSFBBS_000000000045&searchNttId1=MOSF_000000000070286&menuNo=6010200,1,금리,0,5,,,8/16
2024-08-19,https://mofe.go.kr/st/ecnmyidx/detailTbEconomyIndicatorView.do?bbsId=MOSFBBS_000000000045&searchNttId1=MOSF_000000000070286&menuNo=6010200,1,금리,0,6,,,8/19
2024-08-19,https://mofe.go.kr/st/ecnmyidx/detailTbEconomyIndicatorView.do?bbsId=MOSFBBS_000000000045&searchNttId1=MOSF_000000000070286&menuNo=6010200,1,금리,0,7,,,전일비
2024-08-19,https://mofe.go.kr/st/ecnmyidx/detailTbEconomyIndicatorView.do?bbsId=MOSFBBS_000000000045&searchNttId1=MOSF_000000000070286&menuNo=6010200,1,금리,0,8,,,23말비
2024-08-19,https://mofe.go.kr/st/ecnmyidx/detailTbEconomyIndicatorView.do?bbsId=MOSFBBS_000000000045&searchNttId1=MOSF_000000000070286&menuNo=6010200,1,금리,1,0,,,콜금리 (1일.%)
2024-08-19,https://mofe.go.kr/st/ecnmyidx/detailTbEconomyIndicatorView.do?bbsId=MOSFBBS_000000000045&searchNttId1=MOSF_000000000070286&menuNo=6010200,1,금리,1,1,’ 22말,콜금리 (1일.%),3.21
2024-08-19,https://mofe.go.kr/st/ecnmyidx/detailTbEconomyIndicatorView.do?bbsId=MOSFBBS_000000000045&searchNttId1=MOSF_000000000070286&menuNo=6010200,1,금리,1,2,’ 23말,콜금리 (1일.%),3.55
2024-08-19,https://mofe.go.kr/st/ecnmyidx/detailTbEconomyIndicatorView.do?bbsId=MOSFBBS_000000000045&searchNttId1=MOSF_000000000070286&menuNo=6010200,1,금리,1,3,’ 24.7말,콜금리 (1일.%),3.51
2024-08-19,https://mofe.go.kr/st/ecnmyidx/detailTbEconomyIndicatorView.do?bbsId=MOSFBBS_000000000045&searchNttId1=MOSF_000000000070286&menuNo=6010200,1,금리,1,4,8/14,콜금리 (1일.%),3.57
2024-08-19,https://mofe.go.kr/st/ecnmyidx/detailTbEconomyIndicatorView.do?bbsId=MOSFBBS_000000000045&searchNttId1=MOSF_000000000070286&menuNo=6010200,1,금리,1,5,8/16,콜금리 (1일.%),3.56
2024-08-19,https://mofe.go.kr/st/ecnmyidx/detailTbEconomyIndicatorView.do?bbsId=MOSFBBS_000000000045&searchNttId1=MOSF_000000000070286&menuNo=6010200,1,금리,1,6,8/19,콜금리 (1일.%),3.55
2024-08-19,https://mofe.go.kr/st/ecnmyidx/detailTbEconomyIndicatorView.do?bbsId=MOSFBBS_000000000045&searchNttId1=MOSF_000000000070286&menuNo=6010200,1,금리,1,7,전일비,콜금리 (1일.%),△0.01
2024-08-19,https://mofe.go.kr/st/ecnmyidx/detailTbEconomyIndicatorView.do?bbsId=MOSFBBS_000000000045&searchNttId1=MOSF_000000000070286&menuNo=6010200,1,금리,1,8,23말비,콜금리 (1일.%),0
2024-08-19,https://mofe.go.kr/st/ecnmyidx/detailTbEconomyIndicatorView.do?bbsId=MOSFBBS_000000000045&searchNttId1=MOSF_000000000070286&menuNo=6010200,1,금리,2,0,,,"CD (91 일, %)"
2024-08-19,https://mofe.go.kr/st/ecnmyidx/detailTbEconomyIndicatorView.do?bbsId=MOSFBBS_000000000045&searchNttId1=MOSF_000000000070286&menuNo=6010200,1,금리,2,1,’ 22말,"CD (91 일, %)",3.98
2024-08-19,https://mofe.go.kr/st/ecnmyidx/detailTbEconomyIndicatorView.do?bbsId=MOSFBBS_000000000045&searchNttId1=MOSF_000000000070286&menuNo=6010200,1,금리,2,2,’ 23말,"CD (91 일, %)",3.83
2024-08-19,https://mofe.go.kr/st/ecnmyidx/detailTbEconomyIndicatorView.do?bbsId=MOSFBBS_000000000045&searchNttId1=MOSF_000000000070286&menuNo=6010200,1,금리,2,3,’ 24.7말,"CD (91 일, %)",3.50
2024-08-19,https://mofe.go.kr/st/ecnmyidx/detailTbEconomyIndicatorView.do?bbsId=MOSFBBS_000000000045&searchNttId1=MOSF_000000000070286&menuNo=6010200,1,금리,2,4,8/14,"CD (91 일, %)",3.49
2024-08-19,https://mofe.go.kr/st/ecnmyidx/detailTbEconomyIndicatorView.do?bbsId=MOSFBBS_000000000045&searchNttId1=MOSF_000000000070286&menuNo=6010200,1,금리,2,5,8/16,"CD (91 일, %)",3.51
2024-08-19,https://mofe.go.kr/st/ecnmyidx/detailTbEconomyIndicatorView.do?bbsId=MOSFBBS_000000000045&searchNttId1=MOSF_000000000070286&menuNo=6010200,1,금리,2,6,8/19,"CD (91 일, %)",3.51
2024-08-19,https://mofe.go.kr/st/ecnmyidx/detailTbEconomyIndicatorView.do?bbsId=MOSFBBS_000000000045&searchNttId1=MOSF_000000000070286&menuNo=6010200,1,금리,2,7,전일비,"CD (91 일, %)",0
2024-08-19,https://mofe.go.kr/st/ecnmyidx/detailTbEconomyIndicatorView.do?bbsId=MOSFBBS_000000000045&searchNttId1=MOSF_000000000070286&menuNo=6010200,1,금리,2,8,23말비,"CD (91 일, %)",△0.32
2024-08-19,https://mofe.go.kr/st/ecnmyidx/detailTbEconomyIndicatorView.do?bbsId=MOSFBBS_000000000045&searchNttId1=MOSF_000000000070286&menuNo=6010200,1,금리,3,0,,,"국고채 (3년, %)"
2024-08-19,https://mofe.go.kr/st/ecnmyidx/detailTbEconomyIndicatorView.do?bbsId=MOSFBBS_000000000045&searchNttId1=MOSF_000000000070286&menuNo=6010200,1,금리,3,1,’ 22말,"국고채 (3년, %)",3.72
2024-08-19,https://mofe.go.kr/st/ecnmyidx/detailTbEconomyIndicatorView.do?bbsId=MOSFBBS_000000000045&searchNttId1=MOSF_000000000070286&menuNo=6010200,1,금리,3,2,’ 23말,"국고채 (3년, %)",3.15
2024-08-19,https://mofe.go.kr/st/ecnmyidx/detailTbEconomyIndicatorView.do?bbsId=MOSFBBS_000000000045&searchNttId1=MOSF_000000000070286&menuNo=6010200,1,금리,3,3,’ 24.7말,"국고채 (3년, %)",3.00
2024-08-19,https://mofe.go.kr/st/ecnmyidx/detailTbEconomyIndicatorView.do?bbsId=MOSFBBS_000000000045&searchNttId1=MOSF_000000000070286&menuNo=6010200,1,금리,3,4,8/14,"국고채 (3년, %)",2.89
2024-08-19,https://mofe.go.kr/st/ecnmyidx/detailTbEconomyIndicatorView.do?bbsId=MOSFBBS_000000000045&searchNttId1=MOSF_000000000070286&menuNo=6010200,1,금리,3,5,8/16,"국고채 (3년, %)",2.93
2024-08-19,https://mofe.go.kr/st/ecnmyidx/detailTbEconomyIndicatorView.do?bbsId=MOSFBBS_000000000045&searchNttId1=MOSF_000000000070286&menuNo=6010200,1,금리,3,6,8/19,"국고채 (3년, %)",2.93
2024-08-19,https://mofe.go.kr/st/ecnmyidx/detailTbEconomyIndicatorView.do?bbsId=MOSFBBS_000000000045&searchNttId1=MOSF_000000000070286&menuNo=6010200,1,금리,3,7,전일비,"국고채 (3년, %)",△0.00
2024-08-19,https://mofe.go.kr/st/ecnmyidx/detailTbEconomyIndicatorView.do?bbsId=MOSFBBS_000000000045&searchNttId1=MOSF_000000000070286&menuNo=6010200,1,금리,3,8,23말비,"국고채 (3년, %)",△0.23
2024-08-19,https://mofe.go.kr/st/ecnmyidx/detailTbEconomyIndicatorView.do?bbsId=MOSFBBS_000000000045&searchNttId1=MOSF_000000000070286&menuNo=6010200,1,금리,4,0,,,"회사채 (3년, AA-, %)"
2024-08-19,https://mofe.go.kr/st/ecnmyidx/detailTbEconomyIndicatorView.do?bbsId=MOSFBBS_000000000045&searchNttId1=MOSF_000000000070286&menuNo=6010200,1,금리,4,1,’ 22말,"회사채 (3년, AA-, %)",5.23
2024-08-19,https://mofe.go.kr/st/ecnmyidx/detailTbEconomyIndicatorView.do?bbsId=MOSFBBS_000000000045&searchNttId1=MOSF_000000000070286&menuNo=6010200,1,금리,4,2,’ 23말,"회사채 (3년, AA-, %)",3.90
2024-08-19,https://mofe.go.kr/st/ecnmyidx/detailTbEconomyIndicatorView.do?bbsId=MOSFBBS_000000000045&searchNttId1=MOSF_000000000070286&menuNo=6010200,1,금리,4,3,’ 24.7말,"회사채 (3년, AA-, %)",3.46
2024-08-19,https://mofe.go.kr/st/ecnmyidx/detailTbEconomyIndicatorView.do?bbsId=MOSFBBS_000000000045&searchNttId1=MOSF_000000000070286&menuNo=6010200,1,금리,4,4,8/14,"회사채 (3년, AA-, %)",3.37
2024-08-19,https://mofe.go.kr/st/ecnmyidx/detailTbEconomyIndicatorView.do?bbsId=MOSFBBS_000000000045&searchNttId1=MOSF_000000000070286&menuNo=6010200,1,금리,4,5,8/16,"회사채 (3년, AA-, %)",3.42
2024-08-19,https://mofe.go.kr/st/ecnmyidx/detailTbEconomyIndicatorView.do?bbsId=MOSFBBS_000000000045&searchNttId1=MOSF_000000000070286&menuNo=6010200,1,금리,4,6,8/19,"회사채 (3년, AA-, %)",3.42
2024-08-19,https://mofe.go.kr/st/ecnmyidx/detailTbEconomyIndicatorView.do?bbsId=MOSFBBS_000000000045&searchNttId1=MOSF_000000000070286&menuNo=6010200,1,금리,4,7,전일비,"회사채 (3년, AA-, %)",0.01
2024-08-19,https://mofe.go.kr/st/ecnmyidx/detailTbEconomyIndicatorView.do?bbsId=MOSFBBS_000000000045&searchNttId1=MOSF_000000000070286&menuNo=6010200,1,금리,4,8,23말비,"회사채 (3년, AA-, %)",△0.47
2024-08-19,https://mofe.go.kr/st/ecnmyidx/detailTbEconomyIndicatorView.do?bbsId=MOSFBBS_000000000045&searchNttId1=MOSF_000000000070286&menuNo=6010200,1,금리,5,0,,,"외국인 채권 순매수 * (상장, 억원)"
2024-08-19,https://mofe.go.kr/st/ecnmyidx/detailTbEconomyIndicatorView.do?bbsId=MOSFBBS_000000000045&searchNttId1=MOSF_000000000070286&menuNo=6010200,1,금리,5,1,’ 22말,"외국인 채권 순매수 * (상장, 억원)","△2,319"
2024-08-19,https://mofe.go.kr/st/ecnmyidx/detailTbEconomyIndicatorView.do?bbsId=MOSFBBS_000000000045&searchNttId1=MOSF_000000000070286&menuNo=6010200,1,금리,5,2,’ 23말,"외국인 채권 순매수 * (상장, 억원)",△406
2024-08-19,https://mofe.go.kr/st/ecnmyidx/detailTbEconomyIndicatorView.do?bbsId=MOSFBBS_000000000045&searchNttId1=MOSF_000000000070286&menuNo=6010200,1,금리,5,3,’ 24.7말,"외국인 채권 순매수 * (상장, 억원)","△1,058"
2024-08-19,https://mofe.go.kr/st/ecnmyidx/detailTbEconomyIndicatorView.do?bbsId=MOSFBBS_000000000045&searchNttId1=MOSF_000000000070286&menuNo=6010200,1,금리,5,4,8/14,"외국인 채권 순매수 * (상장, 억원)","10,932"
2024-08-19,https://mofe.go.kr/st/ecnmyidx/detailTbEconomyIndicatorView.do?bbsId=MOSFBBS_000000000045&searchNttId1=MOSF_000000000070286&menuNo=6010200,1,금리,5,5,8/16,"외국인 채권 순매수 * (상장, 억원)","2,514"
2024-08-19,https://mofe.go.kr/st/ecnmyidx/detailTbEconomyIndicatorView.do?bbsId=MOSFBBS_000000000045&searchNttId1=MOSF_000000000070286&menuNo=6010200,1,금리,5,6,8/19,"외국인 채권 순매수 * (상장, 억원)","6,569"
2024-08-19,https://mofe.go.kr/st/ecnmyidx/detailTbEconomyIndicatorView.do?bbsId=MOSFBBS_000000000045&searchNttId1=MOSF_000000000070286&menuNo=6010200,1,금리,5,7,전일비,"외국인 채권 순매수 * (상장, 억원)","4,055"
2024-08-19,https://mofe.go.kr/st/ecnmyidx/detailTbEconomyIndicatorView.do?bbsId=MOSFBBS_000000000045&searchNttId1=MOSF_000000000070286&menuNo=6010200,1,금리,5,8,23말비,"외국인 채권 순매수 * (상장, 억원)",-
2024-08-19,https://mofe.go.kr/st/ecnmyidx/detailTbEconomyIndicatorView.do?bbsId=MOSFBBS_000000000045&searchNttId1=MOSF_000000000070286&menuNo=6010200,2,주가,0,0,,,
2024-08-19,https://mofe.go.kr/st/ecnmyidx/detailTbEconomyIndicatorView.do?bbsId=MOSFBBS_000000000045&searchNttId1=MOSF_000000000070286&menuNo=6010200,2,주가,0,1,,,’ 22말
2024-08-19,https://mofe.go.kr/st/ecnmyidx/detailTbEconomyIndicatorView.do?bbsId=MOSFBBS_000000000045&searchNttId1=MOSF_000000000070286&menuNo=6010200,2,주가,0,2,,,’ 23말
2024-08-19,https://mofe.go.kr/st/ecnmyidx/detailTbEconomyIndicatorView.do?bbsId=MOSFBBS_000000000045&searchNttId1=MOSF_000000000070286&menuNo=6010200,2,주가,0,3,,,’ 24.7말
2024-08-19,https://mofe.go.kr/st/ecnmyidx/detailTbEconomyIndicatorView.do?bbsId=MOSFBBS_000000000045&searchNttId1=MOSF_000000000070286&menuNo=6010200,2,주가,0,4,,,8/14
2024-08-19,https://mofe.go.kr/st/ecnmyidx/detailTbEconomyIndicatorView.do?bbsId=MOSFBBS_000000000045&searchNttId1=MOSF_000000000070286&menuNo=6010200,2,주가,0,5,,,8/16
2024-08-19,https://mofe.go.kr/st/ecnmyidx/detailTbEconomyIndicatorView.do?bbsId=MOSFBBS_000000000045&searchNttId1=MOSF_000000000070286&menuNo=6010200,2,주가,0,6,,,8/19
2024-08-19,https://mofe.go.kr/st/ecnmyidx/detailTbEconomyIndicatorView.do?bbsId=MOSFBBS_000000000045&searchNttId1=MOSF_000000000070286&menuNo=6010200,2,주가,0,7,,,전일비
2024-08-19,https://mofe.go.kr/st/ecnmyidx/detailTbEconomyIndicatorView.do?bbsId=MOSFBBS_000000000045&searchNttId1=MOSF_000000000070286&menuNo=6010200,2,주가,0,8,,,23말비
2024-08-19,https://mofe.go.kr/st/ecnmyidx/detailTbEconomyIndicatorView.do?bbsId=MOSFBBS_000000000045&searchNttId1=MOSF_000000000070286&menuNo=6010200,2,주가,1,0,,,KOSPI
2024-08-19,https://mofe.go.kr/st/ecnmyidx/detailTbEconomyIndicatorView.do?bbsId=MOSFBBS_000000000045&searchNttId1=MOSF_000000000070286&menuNo=6010200,2,주가,1,1,’ 22말,KOSPI,"2,236.40"
2024-08-19,https://mofe.go.kr/st/ecnmyidx/detailTbEconomyIndicatorView.do?bbsId=MOSFBBS_000000000045&searchNttId1=MOSF_000000000070286&menuNo=6010200,2,주가,1,2,’ 23말,KOSPI,"2,655.28"
2024-08-19,https://mofe.go.kr/st/ecnmyidx/detailTbEconomyIndicatorView.do?bbsId=MOSFBBS_000000000045&searchNttId1=MOSF_000000000070286&menuNo=6010200,2,주가,1,3,’ 24.7말,KOSPI,"2,770.69"
2024-08-19,https://mofe.go.kr/st/ecnmyidx/detailTbEconomyIndicatorView.do?bbsId=MOSFBBS_000000000045&searchNttId1=MOSF_000000000070286&menuNo=6010200,2,주가,1,4,8/14,KOSPI,"2,644.50"
2024-08-19,https://mofe.go.kr/st/ecnmyidx/detailTbEconomyIndicatorView.do?bbsId=MOSFBBS_000000000045&searchNttId1=MOSF_000000000070286&menuNo=6010200,2,주가,1,5,8/16,KOSPI,"2,697.23"
2024-08-19,https://mofe.go.kr/st/ecnmyidx/detailTbEconomyIndicatorView.do?bbsId=MOSFBBS_000000000045&searchNttId1=MOSF_000000000070286&menuNo=6010200,2,주가,1,6,8/19,KOSPI,"2,674.36"
2024-08-19,https://mofe.go.kr/st/ecnmyidx/detailTbEconomyIndicatorView.do?bbsId=MOSFBBS_000000000045&searchNttId1=MOSF_000000000070286&menuNo=6010200,2,주가,1,7,전일비,KOSPI,△0.85%
2024-08-19,https://mofe.go.kr/st/ecnmyidx/detailTbEconomyIndicatorView.do?bbsId=MOSFBBS_000000000045&searchNttId1=MOSF_000000000070286&menuNo=6010200,2,주가,1,8,23말비,KOSPI,0.72%
2024-08-19,https://mofe.go.kr/st/ecnmyidx/detailTbEconomyIndicatorView.do?bbsId=MOSFBBS_000000000045&searchNttId1=MOSF_000000000070286&menuNo=6010200,2,주가,2,0,,,- 거래대금 (억원)
2024-08-19,https://mofe.go.kr/st/ecnmyidx/detailTbEconomyIndicatorView.do?bbsId=MOSFBBS_000000000045&searchNttId1=MOSF_000000000070286&menuNo=6010200,2,주가,2,1,’ 22말,- 거래대금 (억원),"60,365"
2024-08-19,https://mofe.go.kr/st/ecnmyidx/detailTbEconomyIndicatorView.do?bbsId=MOSFBBS_000000000045&searchNttId1=MOSF_000000000070286&menuNo=6010200,2,주가,2,2,’ 23말,- 거래대금 (억원),"103,597"
2024-08-19,https://mofe.go.kr/st/ecnmyidx/detailTbEconomyIndicatorView.do?bbsId=MOSFBBS_000000000045&searchNttId1=MOSF_000000000070286&menuNo=6010200,2,주가,2,3,’ 24.7말,- 거래대금 (억원),"121,979"
2024-08-19,https://mofe.go.kr/st/ecnmyidx/detailTbEconomyIndicatorView.do?bbsId=MOSFBBS_000000000045&searchNttId1=MOSF_000000000070286&menuNo=6010200,2,주가,2,4,8/14,- 거래대금 (억원),"88,670"
2024-08-19,https://mofe.go.kr/st/ecnmyidx/detailTbEconomyIndicatorView.do?bbsId=MOSFBBS_000000000045&searchNttId1=MOSF_000000000070286&menuNo=6010200,2,주가,2,5,8/16,- 거래대금 (억원),"111,929"
2024-08-19,https://mofe.go.kr/st/ecnmyidx/detailTbEconomyIndicatorView.do?bbsId=MOSFBBS_000000000045&searchNttId1=MOSF_000000000070286&menuNo=6010200,2,주가,2,6,8/19,- 거래대금 (억원),"92,625"
2024-08-19,https://mofe.go.kr/st/ecnmyidx/detailTbEconomyIndicatorView.do?bbsId=MOSFBBS_000000000045&searchNttId1=MOSF_000000000070286&menuNo=6010200,2,주가,2,7,전일비,- 거래대금 (억원),"△19,304"
2024-08-19,https://mofe.go.kr/st/ecnmyidx/detailTbEconomyIndicatorView.do?bbsId=MOSFBBS_000000000045&searchNttId1=MOSF_000000000070286&menuNo=6010200,2,주가,2,8,23말비,- 거래대금 (억원),-
2024-08-19,https://mofe.go.kr/st/ecnmyidx/detailTbEconomyIndicatorView.do?bbsId=MOSFBBS_000000000045&searchNttId1=MOSF_000000000070286&menuNo=6010200,2,주가,3,0,,,KOSDAQ
2024-08-19,https://mofe.go.kr/st/ecnmyidx/detailTbEconomyIndicatorView.do?bbsId=MOSFBBS_000000000045&searchNttId1=MOSF_000000000070286&menuNo=6010200,2,주가,3,1,’ 22말,KOSDAQ,679.29
2024-08-19,https://mofe.go.kr/st/ecnmyidx/detailTbEconomyIndicatorView.do?bbsId=MOSFBBS_000000000045&searchNttId1=MOSF_000000000070286&menuNo=6010200,2,주가,3,2,’ 23말,KOSDAQ,866.57
2024-08-19,https://mofe.go.kr/st/ecnmyidx/detailTbEconomyIndicatorView.do?bbsId=MOSFBBS_000000000045&searchNttId1=MOSF_000000000070286&menuNo=6010200,2,주가,3,3,’ 24.7말,KOSDAQ,803.15
2024-08-19,https://mofe.go.kr/st/ecnmyidx/detailTbEconomyIndicatorView.do?bbsId=MOSFBBS_000000000045&searchNttId1=MOSF_000000000070286&menuNo=6010200,2,주가,3,4,8/14,KOSDAQ,776.83
2024-08-19,https://mofe.go.kr/st/ecnmyidx/detailTbEconomyIndicatorView.do?bbsId=MOSFBBS_000000000045&searchNttId1=MOSF_000000000070286&menuNo=6010200,2,주가,3,5,8/16,KOSDAQ,786.33
2024-08-19,https://mofe.go.kr/st/ecnmyidx/detailTbEconomyIndicatorView.do?bbsId=MOSFBBS_000000000045&searchNttId1=MOSF_000000000070286&menuNo=6010200,2,주가,3,6,8/19,KOSDAQ,777.47
2024-08-19,https://mofe.go.kr/st/ecnmyidx/detailTbEconomyIndicatorView.do?bbsId=MOSFBBS_000000000045&searchNttId1=MOSF_000000000070286&menuNo=6010200,2,주가,3,7,전일비,KOSDAQ,△1.13%
2024-08-19,https://mofe.go.kr/st/ecnmyidx/detailTbEconomyIndicatorView.do?bbsId=MOSFBBS_000000000045&searchNttId1=MOSF_000000000070286&menuNo=6010200,2,주가,3,8,23말비,KOSDAQ,△10.28%
2024-08-19,https://mofe.go.kr/st/ecnmyidx/detailTbEconomyIndicatorView.do?bbsId=MOSFBBS_000000000045&searchNttId1=MOSF_000000000070286&menuNo=6010200,2,주가,4,0,,,"외국인순매수 (억원, 기간 중 * )"
2024-08-19,https://mofe.go.kr/st/ecnmyidx/detailTbEconomyIndicatorView.do?bbsId=MOSFBBS_000000000045&searchNttId1=MOSF_000000000070286&menuNo=6010200,2,주가,4,1,’ 22말,"외국인순매수 (억원, 기간 중 * )","△2,792"
2024-08-19,https://mofe.go.kr/st/ecnmyidx/detailTbEconomyIndicatorView.do?bbsId=MOSFBBS_000000000045&searchNttId1=MOSF_000000000070286&menuNo=6010200,2,주가,4,2,’ 23말,"외국인순매수 (억원, 기간 중 * )","6,937"
2024-08-19,https://mofe.go.kr/st/ecnmyidx/detailTbEconomyIndicatorView.do?bbsId=MOSFBBS_000000000045&searchNttId1=MOSF_000000000070286&menuNo=6010200,2,주가,4,3,’ 24.7말,"외국인순매수 (억원, 기간 중 * )",888
2024-08-19,https://mofe.go.kr/st/ecnmyidx/detailTbEconomyIndicatorView.do?bbsId=MOSFBBS_000000000045&searchNttId1=MOSF_000000000070286&menuNo=6010200,2,주가,4,4,8/14,"외국인순매수 (억원, 기간 중 * )","4,724"
2024-08-19,https://mofe.go.kr/st/ecnmyidx/detailTbEconomyIndicatorView.do?bbsId=MOSFBBS_000000000045&searchNttId1=MOSF_000000000070286&menuNo=6010200,2,주가,4,5,8/16,"외국인순매수 (억원, 기간 중 * )","13,057"
2024-08-19,https://mofe.go.kr/st/ecnmyidx/detailTbEconomyIndicatorView.do?bbsId=MOSFBBS_000000000045&searchNttId1=MOSF_000000000070286&menuNo=6010200,2,주가,4,6,8/19,"외국인순매수 (억원, 기간 중 * )","△2,690"
2024-08-19,https://mofe.go.kr/st/ecnmyidx/detailTbEconomyIndicatorView.do?bbsId=MOSFBBS_000000000045&searchNttId1=MOSF_000000000070286&menuNo=6010200,2,주가,4,7,전일비,"외국인순매수 (억원, 기간 중 * )","△15,747"
2024-08-19,https://mofe.go.kr/st/ecnmyidx/detailTbEconomyIndicatorView.do?bbsId=MOSFBBS_000000000045&searchNttId1=MOSF_000000000070286&menuNo=6010200,2,주가,4,8,23말비,"외국인순매수 (억원, 기간 중 * )",-
2024-08-19,https://mofe.go.kr/st/ecnmyidx/detailTbEconomyIndicatorView.do?bbsId=MOSFBBS_000000000045&searchNttId1=MOSF_000000000070286&menuNo=6010200,3,환율,0,0,,,
2024-08-19,https://mofe.go.kr/st/ecnmyidx/detailTbEconomyIndicatorView.do?bbsId=MOSFBBS_000000000045&searchNttId1=MOSF_000000000070286&menuNo=6010200,3,환율,0,1,,,’ 22말
2024-08-19,https://mofe.go.kr/st/ecnmyidx/detailTbEconomyIndicatorView.do?bbsId=MOSFBBS_000000000045&searchNttId1=MOSF_000000000070286&menuNo=6010200,3,환율,0,2,,,’ 23말
2024-08-19,https://mofe.go.kr/st/ecnmyidx/detailTbEconomyIndicatorView.do?bbsId=MOSFBBS_000000000045&searchNttId1=MOSF_000000000070286&menuNo=6010200,3,환율,0,3,,,’ 24.7말
2024-08-19,https://mofe.go.kr/st/ecnmyidx/detailTbEconomyIndicatorView.do?bbsId=MOSFBBS_000000000045&searchNttId1=MOSF_000000000070286&menuNo=6010200,3,환율,0,4,,,8/14
2024-08-19,https://mofe.go.kr/st/ecnmyidx/detailTbEconomyIndicatorView.do?bbsId=MOSFBBS_000000000045&searchNttId1=MOSF_000000000070286&menuNo=6010200,3,환율,0,5,,,8/16
2024-08-19,https://mofe.go.kr/st/ecnmyidx/detailTbEconomyIndicatorView.do?bbsId=MOSFBBS_000000000045&searchNttId1=MOSF_000000000070286&menuNo=6010200,3,환율,0,6,,,8/19
2024-08-19,https://mofe.go.kr/st/ecnmyidx/detailTbEconomyIndicatorView.do?bbsId=MOSFBBS_000000000045&searchNttId1=MOSF_000000000070286&menuNo=6010200,3,환율,0,7,,,전일비
2024-08-19,https://mofe.go.kr/st/ecnmyidx/detailTbEconomyIndicatorView.do?bbsId=MOSFBBS_000000000045&searchNttId1=MOSF_000000000070286&menuNo=6010200,3,환율,0,8,,,23말비
2024-08-19,https://mofe.go.kr/st/ecnmyidx/detailTbEconomyIndicatorView.do?bbsId=MOSFBBS_000000000045&searchNttId1=MOSF_000000000070286&menuNo=6010200,3,환율,1,0,,,￦/ U$
2024-08-19,https://mofe.go.kr/st/ecnmyidx/detailTbEconomyIndicatorView.do?bbsId=MOSFBBS_000000000045&searchNttId1=MOSF_000000000070286&menuNo=6010200,3,환율,1,1,’ 22말,￦/ U$,"1,264.50"
2024-08-19,https://mofe.go.kr/st/ecnmyidx/detailTbEconomyIndicatorView.do?bbsId=MOSFBBS_000000000045&searchNttId1=MOSF_000000000070286&menuNo=6010200,3,환율,1,2,’ 23말,￦/ U$,"1,288.00"
2024-08-19,https://mofe.go.kr/st/ecnmyidx/detailTbEconomyIndicatorView.do?bbsId=MOSFBBS_000000000045&searchNttId1=MOSF_000000000070286&menuNo=6010200,3,환율,1,3,’ 24.7말,￦/ U$,"1,376.50"
2024-08-19,https://mofe.go.kr/st/ecnmyidx/detailTbEconomyIndicatorView.do?bbsId=MOSFBBS_000000000045&searchNttId1=MOSF_000000000070286&menuNo=6010200,3,환율,1,4,8/14,￦/ U$,"1,360.60"
2024-08-19,https://mofe.go.kr/st/ecnmyidx/detailTbEconomyIndicatorView.do?bbsId=MOSFBBS_000000000045&searchNttId1=MOSF_000000000070286&menuNo=6010200,3,환율,1,5,8/16,￦/ U$,"1,357.60"
2024-08-19,https://mofe.go.kr/st/ecnmyidx/detailTbEconomyIndicatorView.do?bbsId=MOSFBBS_000000000045&searchNttId1=MOSF_000000000070286&menuNo=6010200,3,환율,1,6,8/19,￦/ U$,"1,334.00"
2024-08-19,https://mofe.go.kr/st/ecnmyidx/detailTbEconomyIndicatorView.do?bbsId=MOSFBBS_000000000045&searchNttId1=MOSF_000000000070286&menuNo=6010200,3,환율,1,7,전일비,￦/ U$,△1.74
2024-08-19,https://mofe.go.kr/st/ecnmyidx/detailTbEconomyIndicatorView.do?bbsId=MOSFBBS_000000000045&searchNttId1=MOSF_000000000070286&menuNo=6010200,3,환율,1,8,23말비,￦/ U$,3.57
2024-08-19,https://mofe.go.kr/st/ecnmyidx/detailTbEconomyIndicatorView.do?bbsId=MOSFBBS_000000000045&searchNttId1=MOSF_000000000070286&menuNo=6010200,3,환율,2,0,,,"선물환( NDF,1 월물)"
2024-08-19,https://mofe.go.kr/st/ecnmyidx/detailTbEconomyIndicatorView.do?bbsId=MOSFBBS_000000000045&searchNttId1=MOSF_000000000070286&menuNo=6010200,3,환율,2,1,’ 22말,"선물환( NDF,1 월물)","1,265.30"
2024-08-19,https://mofe.go.kr/st/ecnmyidx/detailTbEconomyIndicatorView.do?bbsId=MOSFBBS_000000000045&searchNttId1=MOSF_000000000070286&menuNo=6010200,3,환율,2,2,’ 23말,"선물환( NDF,1 월물)","1,286.80"
2024-08-19,https://mofe.go.kr/st/ecnmyidx/detailTbEconomyIndicatorView.do?bbsId=MOSFBBS_000000000045&searchNttId1=MOSF_000000000070286&menuNo=6010200,3,환율,2,3,’ 24.7말,"선물환( NDF,1 월물)","1,373.80"
2024-08-19,https://mofe.go.kr/st/ecnmyidx/detailTbEconomyIndicatorView.do?bbsId=MOSFBBS_000000000045&searchNttId1=MOSF_000000000070286&menuNo=6010200,3,환율,2,4,8/14,"선물환( NDF,1 월물)","1,358.10"
2024-08-19,https://mofe.go.kr/st/ecnmyidx/detailTbEconomyIndicatorView.do?bbsId=MOSFBBS_000000000045&searchNttId1=MOSF_000000000070286&menuNo=6010200,3,환율,2,5,8/16,"선물환( NDF,1 월물)","1,355.10"
2024-08-19,https://mofe.go.kr/st/ecnmyidx/detailTbEconomyIndicatorView.do?bbsId=MOSFBBS_000000000045&searchNttId1=MOSF_000000000070286&menuNo=6010200,3,환율,2,6,8/19,"선물환( NDF,1 월물)","1,330.80"
2024-08-19,https://mofe.go.kr/st/ecnmyidx/detailTbEconomyIndicatorView.do?bbsId=MOSFBBS_000000000045&searchNttId1=MOSF_000000000070286&menuNo=6010200,3,환율,2,7,전일비,"선물환( NDF,1 월물)",△1.79
2024-08-19,https://mofe.go.kr/st/ecnmyidx/detailTbEconomyIndicatorView.do?bbsId=MOSFBBS_000000000045&searchNttId1=MOSF_000000000070286&menuNo=6010200,3,환율,2,8,23말비,"선물환( NDF,1 월물)",3.42
2024-08-19,https://mofe.go.kr/st/ecnmyidx/detailTbEconomyIndicatorView.do?bbsId=MOSFBBS_000000000045&searchNttId1=MOSF_000000000070286&menuNo=6010200,3,환율,3,0,,,￦/ CNY
2024-08-19,https://mofe.go.kr/st/ecnmyidx/detailTbEconomyIndicatorView.do?bbsId=MOSFBBS_000000000045&searchNttId1=MOSF_000000000070286&menuNo=6010200,3,환율,3,1,’ 22말,￦/ CNY,181.44
2024-08-19,https://mofe.go.kr/st/ecnmyidx/detailTbEconomyIndicatorView.do?bbsId=MOSFBBS_000000000045&searchNttId1=MOSF_000000000070286&menuNo=6010200,3,환율,3,2,’ 23말,￦/ CNY,181.37
2024-08-19,https://mofe.go.kr/st/ecnmyidx/detailTbEconomyIndicatorView.do?bbsId=MOSFBBS_000000000045&searchNttId1=MOSF_000000000070286&menuNo=6010200,3,환율,3,3,’ 24.7말,￦/ CNY,190.39
2024-08-19,https://mofe.go.kr/st/ecnmyidx/detailTbEconomyIndicatorView.do?bbsId=MOSFBBS_000000000045&searchNttId1=MOSF_000000000070286&menuNo=6010200,3,환율,3,4,8/14,￦/ CNY,189.87
2024-08-19,https://mofe.go.kr/st/ecnmyidx/detailTbEconomyIndicatorView.do?bbsId=MOSFBBS_000000000045&searchNttId1=MOSF_000000000070286&menuNo=6010200,3,환율,3,5,8/16,￦/ CNY,189.14
2024-08-19,https://mofe.go.kr/st/ecnmyidx/detailTbEconomyIndicatorView.do?bbsId=MOSFBBS_000000000045&searchNttId1=MOSF_000000000070286&menuNo=6010200,3,환율,3,6,8/19,￦/ CNY,187.26
2024-08-19,https://mofe.go.kr/st/ecnmyidx/detailTbEconomyIndicatorView.do?bbsId=MOSFBBS_000000000045&searchNttId1=MOSF_000000000070286&menuNo=6010200,3,환율,3,7,전일비,￦/ CNY,△0.99
2024-08-19,https://mofe.go.kr/st/ecnmyidx/detailTbEconomyIndicatorView.do?bbsId=MOSFBBS_000000000045&searchNttId1=MOSF_000000000070286&menuNo=6010200,3,환율,3,8,23말비,￦/ CNY,3.25
2024-08-19,https://mofe.go.kr/st/ecnmyidx/detailTbEconomyIndicatorView.do?bbsId=MOSFBBS_000000000045&searchNttId1=MOSF_000000000070286&menuNo=6010200,3,환율,4,0,,,￦/ Y100
2024-08-19,https://mofe.go.kr/st/ecnmyidx/detailTbEconomyIndicatorView.do?bbsId=MOSFBBS_000000000045&searchNttId1=MOSF_000000000070286&menuNo=6010200,3,환율,4,1,’ 22말,￦/ Y100,945.56
2024-08-19,https://mofe.go.kr/st/ecnmyidx/detailTbEconomyIndicatorView.do?bbsId=MOSFBBS_000000000045&searchNttId1=MOSF_000000000070286&menuNo=6010200,3,환율,4,2,’ 23말,￦/ Y100,912.25
2024-08-19,https://mofe.go.kr/st/ecnmyidx/detailTbEconomyIndicatorView.do?bbsId=MOSFBBS_000000000045&searchNttId1=MOSF_000000000070286&menuNo=6010200,3,환율,4,3,’ 24.7말,￦/ Y100,900.91
2024-08-19,https://mofe.go.kr/st/ecnmyidx/detailTbEconomyIndicatorView.do?bbsId=MOSFBBS_000000000045&searchNttId1=MOSF_000000000070286&menuNo=6010200,3,환율,4,4,8/14,￦/ Y100,924.51
2024-08-19,https://mofe.go.kr/st/ecnmyidx/detailTbEconomyIndicatorView.do?bbsId=MOSFBBS_000000000045&searchNttId1=MOSF_000000000070286&menuNo=6010200,3,환율,4,5,8/16,￦/ Y100,911.51
2024-08-19,https://mofe.go.kr/st/ecnmyidx/detailTbEconomyIndicatorView.do?bbsId=MOSFBBS_000000000045&searchNttId1=MOSF_000000000070286&menuNo=6010200,3,환율,4,6,8/19,￦/ Y100,917.09
2024-08-19,https://mofe.go.kr/st/ecnmyidx/detailTbEconomyIndicatorView.do?bbsId=MOSFBBS_000000000045&searchNttId1=MOSF_000000000070286&menuNo=6010200,3,환율,4,7,전일비,￦/ Y100,0.61
2024-08-19,https://mofe.go.kr/st/ecnmyidx/detailTbEconomyIndicatorView.do?bbsId=MOSFBBS_000000000045&searchNttId1=MOSF_000000000070286&menuNo=6010200,3,환율,4,8,23말비,￦/ Y100,0.53
2024-08-19,https://mofe.go.kr/st/ecnmyidx/detailTbEconomyIndicatorView.do?bbsId=MOSFBBS_000000000045&searchNttId1=MOSF_000000000070286&menuNo=6010200,3,환율,5,0,,,Y/U$
2024-08-19,https://mofe.go.kr/st/ecnmyidx/detailTbEconomyIndicatorView.do?bbsId=MOSFBBS_000000000045&searchNttId1=MOSF_000000000070286&menuNo=6010200,3,환율,5,1,’ 22말,Y/U$,133.73
2024-08-19,https://mofe.go.kr/st/ecnmyidx/detailTbEconomyIndicatorView.do?bbsId=MOSFBBS_000000000045&searchNttId1=MOSF_000000000070286&menuNo=6010200,3,환율,5,2,’ 23말,Y/U$,141.19
2024-08-19,https://mofe.go.kr/st/ecnmyidx/detailTbEconomyIndicatorView.do?bbsId=MOSFBBS_000000000045&searchNttId1=MOSF_000000000070286&menuNo=6010200,3,환율,5,3,’ 24.7말,Y/U$,152.79
2024-08-19,https://mofe.go.kr/st/ecnmyidx/detailTbEconomyIndicatorView.do?bbsId=MOSFBBS_000000000045&searchNttId1=MOSF_000000000070286&menuNo=6010200,3,환율,5,4,8/14,Y/U$,147.17
2024-08-19,https://mofe.go.kr/st/ecnmyidx/detailTbEconomyIndicatorView.do?bbsId=MOSFBBS_000000000045&searchNttId1=MOSF_000000000070286&menuNo=6010200,3,환율,5,5,8/16,Y/U$,148.94
2024-08-19,https://mofe.go.kr/st/ecnmyidx/detailTbEconomyIndicatorView.do?bbsId=MOSFBBS_000000000045&searchNttId1=MOSF_000000000070286&menuNo=6010200,3,환율,5,6,8/19,Y/U$,145.46
2024-08-19,https://mofe.go.kr/st/ecnmyidx/detailTbEconomyIndicatorView.do?bbsId=MOSFBBS_000000000045&searchNttId1=MOSF_000000000070286&menuNo=6010200,3,환율,5,7,전일비,Y/U$,△2.34
2024-08-19,https://mofe.go.kr/st/ecnmyidx/detailTbEconomyIndicatorView.do?bbsId=MOSFBBS_000000000045&searchNttId1=MOSF_000000000070286&menuNo=6010200,3,환율,5,8,23말비,Y/U$,3.02
2024-08-19,https://mofe.go.kr/st/ecnmyidx/detailTbEconomyIndicatorView.do?bbsId=MOSFBBS_000000000045&searchNttId1=MOSF_000000000070286&menuNo=6010200,3,환율,6,0,,,U$/EUR
2024-08-19,https://mofe.go.kr/st/ecnmyidx/detailTbEconomyIndicatorView.do?bbsId=MOSFBBS_000000000045&searchNttId1=MOSF_000000000070286&menuNo=6010200,3,환율,6,1,’ 22말,U$/EUR,1.0617
2024-08-19,https://mofe.go.kr/st/ecnmyidx/detailTbEconomyIndicatorView.do?bbsId=MOSFBBS_000000000045&searchNttId1=MOSF_000000000070286&menuNo=6010200,3,환율,6,2,’ 23말,U$/EUR,1.1105
2024-08-19,https://mofe.go.kr/st/ecnmyidx/detailTbEconomyIndicatorView.do?bbsId=MOSFBBS_000000000045&searchNttId1=MOSF_000000000070286&menuNo=6010200,3,환율,6,3,’ 24.7말,U$/EUR,1.0819
2024-08-19,https://mofe.go.kr/st/ecnmyidx/detailTbEconomyIndicatorView.do?bbsId=MOSFBBS_000000000045&searchNttId1=MOSF_000000000070286&menuNo=6010200,3,환율,6,4,8/14,U$/EUR,1.0989
2024-08-19,https://mofe.go.kr/st/ecnmyidx/detailTbEconomyIndicatorView.do?bbsId=MOSFBBS_000000000045&searchNttId1=MOSF_000000000070286&menuNo=6010200,3,환율,6,5,8/16,U$/EUR,1.0984
2024-08-19,https://mofe.go.kr/st/ecnmyidx/detailTbEconomyIndicatorView.do?bbsId=MOSFBBS_000000000045&searchNttId1=MOSF_000000000070286&menuNo=6010200,3,환율,6,6,8/19,U$/EUR,1.1041
2024-08-19,https://mofe.go.kr/st/ecnmyidx/detailTbEconomyIndicatorView.do?bbsId=MOSFBBS_000000000045&searchNttId1=MOSF_000000000070286&menuNo=6010200,3,환율,6,7,전일비,U$/EUR,0.52
2024-08-19,https://mofe.go.kr/st/ecnmyidx/detailTbEconomyIndicatorView.do?bbsId=MOSFBBS_000000000045&searchNttId1=MOSF_000000000070286&menuNo=6010200,3,환율,6,8,23말비,U$/EUR,△0.58
2024-08-19,https://mofe.go.kr/st/ecnmyidx/detailTbEconomyIndicatorView.do?bbsId=MOSFBBS_000000000045&searchNttId1=MOSF_000000000070286&menuNo=6010200,3,환율,7,0,,,CNY/U$
2024-08-19,https://mofe.go.kr/st/ecnmyidx/detailTbEconomyIndicatorView.do?bbsId=MOSFBBS_000000000045&searchNttId1=MOSF_000000000070286&menuNo=6010200,3,환율,7,1,’ 22말,CNY/U$,6.9630
2024-08-19,https://mofe.go.kr/st/ecnmyidx/detailTbEconomyIndicatorView.do?bbsId=MOSFBBS_000000000045&searchNttId1=MOSF_000000000070286&menuNo=6010200,3,환율,7,2,’ 23말,CNY/U$,7.1092
2024-08-19,https://mofe.go.kr/st/ecnmyidx/detailTbEconomyIndicatorView.do?bbsId=MOSFBBS_000000000045&searchNttId1=MOSF_000000000070286&menuNo=6010200,3,환율,7,3,’ 24.7말,CNY/U$,7.2305
2024-08-19,https://mofe.go.kr/st/ecnmyidx/detailTbEconomyIndicatorView.do?bbsId=MOSFBBS_000000000045&searchNttId1=MOSF_000000000070286&menuNo=6010200,3,환율,7,4,8/14,CNY/U$,7.1493
2024-08-19,https://mofe.go.kr/st/ecnmyidx/detailTbEconomyIndicatorView.do?bbsId=MOSFBBS_000000000045&searchNttId1=MOSF_000000000070286&menuNo=6010200,3,환율,7,5,8/16,CNY/U$,7.1747
2024-08-19,https://mofe.go.kr/st/ecnmyidx/detailTbEconomyIndicatorView.do?bbsId=MOSFBBS_000000000045&searchNttId1=MOSF_000000000070286&menuNo=6010200,3,환율,7,6,8/19,CNY/U$,7.1365
2024-08-19,https://mofe.go.kr/st/ecnmyidx/detailTbEconomyIndicatorView.do?bbsId=MOSFBBS_000000000045&searchNttId1=MOSF_000000000070286&menuNo=6010200,3,환율,7,7,전일비,CNY/U$,△0.53
2024-08-19,https://mofe.go.kr/st/ecnmyidx/detailTbEconomyIndicatorView.do?bbsId=MOSFBBS_000000000045&searchNttId1=MOSF_000000000070286&menuNo=6010200,3,환율,7,8,23말비,CNY/U$,0.38
2024-08-19,https://mofe.go.kr/st/ecnmyidx/detailTbEconomyIndicatorView.do?bbsId=MOSFBBS_000000000045&searchNttId1=MOSF_000000000070286&menuNo=6010200,4,국제금리 ㆍ주가 ㆍ 가산금리,0,0,,,
2024-08-19,https://mofe.go.kr/st/ecnmyidx/detailTbEconomyIndicatorView.do?bbsId=MOSFBBS_000000000045&searchNttId1=MOSF_000000000070286&menuNo=6010200,4,국제금리 ㆍ주가 ㆍ 가산금리,0,1,,,’ 22말
2024-08-19,https://mofe.go.kr/st/ecnmyidx/detailTbEconomyIndicatorView.do?bbsId=MOSFBBS_000000000045&searchNttId1=MOSF_000000000070286&menuNo=6010200,4,국제금리 ㆍ주가 ㆍ 가산금리,0,2,,,’ 23말
2024-08-19,https://mofe.go.kr/st/ecnmyidx/detailTbEconomyIndicatorView.do?bbsId=MOSFBBS_000000000045&searchNttId1=MOSF_000000000070286&menuNo=6010200,4,국제금리 ㆍ주가 ㆍ 가산금리,0,3,,,’ 24.7말
2024-08-19,https://mofe.go.kr/st/ecnmyidx/detailTbEconomyIndicatorView.do?bbsId=MOSFBBS_000000000045&searchNttId1=MOSF_000000000070286&menuNo=6010200,4,국제금리 ㆍ주가 ㆍ 가산금리,0,4,,,8/14
2024-08-19,https://mofe.go.kr/st/ecnmyidx/detailTbEconomyIndicatorView.do?bbsId=MOSFBBS_000000000045&searchNttId1=MOSF_000000000070286&menuNo=6010200,4,국제금리 ㆍ주가 ㆍ 가산금리,0,5,,,8/16
2024-08-19,https://mofe.go.kr/st/ecnmyidx/detailTbEconomyIndicatorView.do?bbsId=MOSFBBS_000000000045&searchNttId1=MOSF_000000000070286&menuNo=6010200,4,국제금리 ㆍ주가 ㆍ 가산금리,0,6,,,8/19
2024-08-19,https://mofe.go.kr/st/ecnmyidx/detailTbEconomyIndicatorView.do?bbsId=MOSFBBS_000000000045&searchNttId1=MOSF_000000000070286&menuNo=6010200,4,국제금리 ㆍ주가 ㆍ 가산금리,0,7,,,전일비
2024-08-19,https://mofe.go.kr/st/ecnmyidx/detailTbEconomyIndicatorView.do?bbsId=MOSFBBS_000000000045&searchNttId1=MOSF_000000000070286&menuNo=6010200,4,국제금리 ㆍ주가 ㆍ 가산금리,0,8,,,23말비
2024-08-19,https://mofe.go.kr/st/ecnmyidx/detailTbEconomyIndicatorView.do?bbsId=MOSFBBS_000000000045&searchNttId1=MOSF_000000000070286&menuNo=6010200,4,국제금리 ㆍ주가 ㆍ 가산금리,1,0,,,"LIBOR ($, 3 월, %)"
2024-08-19,https://mofe.go.kr/st/ecnmyidx/detailTbEconomyIndicatorView.do?bbsId=MOSFBBS_000000000045&searchNttId1=MOSF_000000000070286&menuNo=6010200,4,국제금리 ㆍ주가 ㆍ 가산금리,1,1,’ 22말,"LIBOR ($, 3 월, %)",4.75
2024-08-19,https://mofe.go.kr/st/ecnmyidx/detailTbEconomyIndicatorView.do?bbsId=MOSFBBS_000000000045&searchNttId1=MOSF_000000000070286&menuNo=6010200,4,국제금리 ㆍ주가 ㆍ 가산금리,1,2,’ 23말,"LIBOR ($, 3 월, %)",5.61
2024-08-19,https://mofe.go.kr/st/ecnmyidx/detailTbEconomyIndicatorView.do?bbsId=MOSFBBS_000000000045&searchNttId1=MOSF_000000000070286&menuNo=6010200,4,국제금리 ㆍ주가 ㆍ 가산금리,1,3,’ 24.7말,"LIBOR ($, 3 월, %)",5.51
2024-08-19,https://mofe.go.kr/st/ecnmyidx/detailTbEconomyIndicatorView.do?bbsId=MOSFBBS_000000000045&searchNttId1=MOSF_000000000070286&menuNo=6010200,4,국제금리 ㆍ주가 ㆍ 가산금리,1,4,8/14,"LIBOR ($, 3 월, %)",5.38
2024-08-19,https://mofe.go.kr/st/ecnmyidx/detailTbEconomyIndicatorView.do?bbsId=MOSFBBS_000000000045&searchNttId1=MOSF_000000000070286&menuNo=6010200,4,국제금리 ㆍ주가 ㆍ 가산금리,1,5,8/16,"LIBOR ($, 3 월, %)",5.36
2024-08-19,https://mofe.go.kr/st/ecnmyidx/detailTbEconomyIndicatorView.do?bbsId=MOSFBBS_000000000045&searchNttId1=MOSF_000000000070286&menuNo=6010200,4,국제금리 ㆍ주가 ㆍ 가산금리,1,6,8/19,"LIBOR ($, 3 월, %)",5.39
2024-08-19,https://mofe.go.kr/st/ecnmyidx/detailTbEconomyIndicatorView.do?bbsId=MOSFBBS_000000000045&searchNttId1=MOSF_000000000070286&menuNo=6010200,4,국제금리 ㆍ주가 ㆍ 가산금리,1,7,전일비,"LIBOR ($, 3 월, %)",0.03
2024-08-19,https://mofe.go.kr/st/ecnmyidx/detailTbEconomyIndicatorView.do?bbsId=MOSFBBS_000000000045&searchNttId1=MOSF_000000000070286&menuNo=6010200,4,국제금리 ㆍ주가 ㆍ 가산금리,1,8,23말비,"LIBOR ($, 3 월, %)",△0.22
2024-08-19,https://mofe.go.kr/st/ecnmyidx/detailTbEconomyIndicatorView.do?bbsId=MOSFBBS_000000000045&searchNttId1=MOSF_000000000070286&menuNo=6010200,4,국제금리 ㆍ주가 ㆍ 가산금리,2,0,,,DOW
2024-08-19,https://mofe.go.kr/st/ecnmyidx/detailTbEconomyIndicatorView.do?bbsId=MOSFBBS_000000000045&searchNttId1=MOSF_000000000070286&menuNo=6010200,4,국제금리 ㆍ주가 ㆍ 가산금리,2,1,’ 22말,DOW,"33,221"
2024-08-19,https://mofe.go.kr/st/ecnmyidx/detailTbEconomyIndicatorView.do?bbsId=MOSFBBS_000000000045&searchNttId1=MOSF_000000000070286&menuNo=6010200,4,국제금리 ㆍ주가 ㆍ 가산금리,2,2,’ 23말,DOW,"37,657"
2024-08-19,https://mofe.go.kr/st/ecnmyidx/detailTbEconomyIndicatorView.do?bbsId=MOSFBBS_000000000045&searchNttId1=MOSF_000000000070286&menuNo=6010200,4,국제금리 ㆍ주가 ㆍ 가산금리,2,3,’ 24.7말,DOW,"40,743"
2024-08-19,https://mofe.go.kr/st/ecnmyidx/detailTbEconomyIndicatorView.do?bbsId=MOSFBBS_000000000045&searchNttId1=MOSF_000000000070286&menuNo=6010200,4,국제금리 ㆍ주가 ㆍ 가산금리,2,4,8/14,DOW,"39,766"
2024-08-19,https://mofe.go.kr/st/ecnmyidx/detailTbEconomyIndicatorView.do?bbsId=MOSFBBS_000000000045&searchNttId1=MOSF_000000000070286&menuNo=6010200,4,국제금리 ㆍ주가 ㆍ 가산금리,2,5,8/16,DOW,"40,563"
2024-08-19,https://mofe.go.kr/st/ecnmyidx/detailTbEconomyIndicatorView.do?bbsId=MOSFBBS_000000000045&searchNttId1=MOSF_000000000070286&menuNo=6010200,4,국제금리 ㆍ주가 ㆍ 가산금리,2,6,8/19,DOW,"40,660"
2024-08-19,https://mofe.go.kr/st/ecnmyidx/detailTbEconomyIndicatorView.do?bbsId=MOSFBBS_000000000045&searchNttId1=MOSF_000000000070286&menuNo=6010200,4,국제금리 ㆍ주가 ㆍ 가산금리,2,7,전일비,DOW,0.24%
2024-08-19,https://mofe.go.kr/st/ecnmyidx/detailTbEconomyIndicatorView.do?bbsId=MOSFBBS_000000000045&searchNttId1=MOSF_000000000070286&menuNo=6010200,4,국제금리 ㆍ주가 ㆍ 가산금리,2,8,23말비,DOW,7.98%
2024-08-19,https://mofe.go.kr/st/ecnmyidx/detailTbEconomyIndicatorView.do?bbsId=MOSFBBS_000000000045&searchNttId1=MOSF_000000000070286&menuNo=6010200,4,국제금리 ㆍ주가 ㆍ 가산금리,3,0,,,NIKKEI
2024-08-19,https://mofe.go.kr/st/ecnmyidx/detailTbEconomyIndicatorView.do?bbsId=MOSFBBS_000000000045&searchNttId1=MOSF_000000000070286&menuNo=6010200,4,국제금리 ㆍ주가 ㆍ 가산금리,3,1,’ 22말,NIKKEI,"26,095"
2024-08-19,https://mofe.go.kr/st/ecnmyidx/detailTbEconomyIndicatorView.do?bbsId=MOSFBBS_000000000045&searchNttId1=MOSF_000000000070286&menuNo=6010200,4,국제금리 ㆍ주가 ㆍ 가산금리,3,2,’ 23말,NIKKEI,"33,540"
2024-08-19,https://mofe.go.kr/st/ecnmyidx/detailTbEconomyIndicatorView.do?bbsId=MOSFBBS_000000000045&searchNttId1=MOSF_000000000070286&menuNo=6010200,4,국제금리 ㆍ주가 ㆍ 가산금리,3,3,’ 24.7말,NIKKEI,"39,102"
2024-08-19,https://mofe.go.kr/st/ecnmyidx/detailTbEconomyIndicatorView.do?bbsId=MOSFBBS_000000000045&searchNttId1=MOSF_000000000070286&menuNo=6010200,4,국제금리 ㆍ주가 ㆍ 가산금리,3,4,8/14,NIKKEI,"36,442"
2024-08-19,https://mofe.go.kr/st/ecnmyidx/detailTbEconomyIndicatorView.do?bbsId=MOSFBBS_000000000045&searchNttId1=MOSF_000000000070286&menuNo=6010200,4,국제금리 ㆍ주가 ㆍ 가산금리,3,5,8/16,NIKKEI,"38,063"
2024-08-19,https://mofe.go.kr/st/ecnmyidx/detailTbEconomyIndicatorView.do?bbsId=MOSFBBS_000000000045&searchNttId1=MOSF_000000000070286&menuNo=6010200,4,국제금리 ㆍ주가 ㆍ 가산금리,3,6,8/19,NIKKEI,"37,389"
2024-08-19,https://mofe.go.kr/st/ecnmyidx/detailTbEconomyIndicatorView.do?bbsId=MOSFBBS_000000000045&searchNttId1=MOSF_000000000070286&menuNo=6010200,4,국제금리 ㆍ주가 ㆍ 가산금리,3,7,전일비,NIKKEI,△1.77%
2024-08-19,https://mofe.go.kr/st/ecnmyidx/detailTbEconomyIndicatorView.do?bbsId=MOSFBBS_000000000045&searchNttId1=MOSF_000000000070286&menuNo=6010200,4,국제금리 ㆍ주가 ㆍ 가산금리,3,8,23말비,NIKKEI,11.48%
2024-08-19,https://mofe.go.kr/st/ecnmyidx/detailTbEconomyIndicatorView.do?bbsId=MOSFBBS_000000000045&searchNttId1=MOSF_000000000070286&menuNo=6010200,4,국제금리 ㆍ주가 ㆍ 가산금리,4,0,,,SHANGHAI COMP
2024-08-19,https://mofe.go.kr/st/ecnmyidx/detailTbEconomyIndicatorView.do?bbsId=MOSFBBS_000000000045&searchNttId1=MOSF_000000000070286&menuNo=6010200,4,국제금리 ㆍ주가 ㆍ 가산금리,4,1,’ 22말,SHANGHAI COMP,"3,089"
2024-08-19,https://mofe.go.kr/st/ecnmyidx/detailTbEconomyIndicatorView.do?bbsId=MOSFBBS_000000000045&searchNttId1=MOSF_000000000070286&menuNo=6010200,4,국제금리 ㆍ주가 ㆍ 가산금리,4,2,’ 23말,SHANGHAI COMP,"2,955"
2024-08-19,https://mofe.go.kr/st/ecnmyidx/detailTbEconomyIndicatorView.do?bbsId=MOSFBBS_000000000045&searchNttId1=MOSF_000000000070286&menuNo=6010200,4,국제금리 ㆍ주가 ㆍ 가산금리,4,3,’ 24.7말,SHANGHAI COMP,"2,939"
2024-08-19,https://mofe.go.kr/st/ecnmyidx/detailTbEconomyIndicatorView.do?bbsId=MOSFBBS_000000000045&searchNttId1=MOSF_000000000070286&menuNo=6010200,4,국제금리 ㆍ주가 ㆍ 가산금리,4,4,8/14,SHANGHAI COMP,"2,851"
2024-08-19,https://mofe.go.kr/st/ecnmyidx/detailTbEconomyIndicatorView.do?bbsId=MOSFBBS_000000000045&searchNttId1=MOSF_000000000070286&menuNo=6010200,4,국제금리 ㆍ주가 ㆍ 가산금리,4,5,8/16,SHANGHAI COMP,"2,879"
2024-08-19,https://mofe.go.kr/st/ecnmyidx/detailTbEconomyIndicatorView.do?bbsId=MOSFBBS_000000000045&searchNttId1=MOSF_000000000070286&menuNo=6010200,4,국제금리 ㆍ주가 ㆍ 가산금리,4,6,8/19,SHANGHAI COMP,"2,894"
2024-08-19,https://mofe.go.kr/st/ecnmyidx/detailTbEconomyIndicatorView.do?bbsId=MOSFBBS_000000000045&searchNttId1=MOSF_000000000070286&menuNo=6010200,4,국제금리 ㆍ주가 ㆍ 가산금리,4,7,전일비,SHANGHAI COMP,0.49%
2024-08-19,https://mofe.go.kr/st/ecnmyidx/detailTbEconomyIndicatorView.do?bbsId=MOSFBBS_000000000045&searchNttId1=MOSF_000000000070286&menuNo=6010200,4,국제금리 ㆍ주가 ㆍ 가산금리,4,8,23말비,SHANGHAI COMP,△2.07%
2024-08-19,https://mofe.go.kr/st/ecnmyidx/detailTbEconomyIndicatorView.do?bbsId=MOSFBBS_000000000045&searchNttId1=MOSF_000000000070286&menuNo=6010200,4,국제금리 ㆍ주가 ㆍ 가산금리,5,0,,,"외평채가산금리(30년만기, bp)"
2024-08-19,https://mofe.go.kr/st/ecnmyidx/detailTbEconomyIndicatorView.do?bbsId=MOSFBBS_000000000045&searchNttId1=MOSF_000000000070286&menuNo=6010200,4,국제금리 ㆍ주가 ㆍ 가산금리,5,1,’ 22말,"외평채가산금리(30년만기, bp)",43
2024-08-19,https://mofe.go.kr/st/ecnmyidx/detailTbEconomyIndicatorView.do?bbsId=MOSFBBS_000000000045&searchNttId1=MOSF_000000000070286&menuNo=6010200,4,국제금리 ㆍ주가 ㆍ 가산금리,5,2,’ 23말,"외평채가산금리(30년만기, bp)",34
2024-08-19,https://mofe.go.kr/st/ecnmyidx/detailTbEconomyIndicatorView.do?bbsId=MOSFBBS_000000000045&searchNttId1=MOSF_000000000070286&menuNo=6010200,4,국제금리 ㆍ주가 ㆍ 가산금리,5,3,’ 24.7말,"외평채가산금리(30년만기, bp)",27
2024-08-19,https://mofe.go.kr/st/ecnmyidx/detailTbEconomyIndicatorView.do?bbsId=MOSFBBS_000000000045&searchNttId1=MOSF_000000000070286&menuNo=6010200,4,국제금리 ㆍ주가 ㆍ 가산금리,5,4,8/14,"외평채가산금리(30년만기, bp)",27
2024-08-19,https://mofe.go.kr/st/ecnmyidx/detailTbEconomyIndicatorView.do?bbsId=MOSFBBS_000000000045&searchNttId1=MOSF_000000000070286&menuNo=6010200,4,국제금리 ㆍ주가 ㆍ 가산금리,5,5,8/16,"외평채가산금리(30년만기, bp)",27
2024-08-19,https://mofe.go.kr/st/ecnmyidx/detailTbEconomyIndicatorView.do?bbsId=MOSFBBS_000000000045&searchNttId1=MOSF_000000000070286&menuNo=6010200,4,국제금리 ㆍ주가 ㆍ 가산금리,5,6,8/19,"외평채가산금리(30년만기, bp)",28
2024-08-19,https://mofe.go.kr/st/ecnmyidx/detailTbEconomyIndicatorView.do?bbsId=MOSFBBS_000000000045&searchNttId1=MOSF_000000000070286&menuNo=6010200,4,국제금리 ㆍ주가 ㆍ 가산금리,5,7,전일비,"외평채가산금리(30년만기, bp)",1.00
2024-08-19,https://mofe.go.kr/st/ecnmyidx/detailTbEconomyIndicatorView.do?bbsId=MOSFBBS_000000000045&searchNttId1=MOSF_000000000070286&menuNo=6010200,4,국제금리 ㆍ주가 ㆍ 가산금리,5,8,23말비,"외평채가산금리(30년만기, bp)",△6.00
2024-08-19,https://mofe.go.kr/st/ecnmyidx/detailTbEconomyIndicatorView.do?bbsId=MOSFBBS_000000000045&searchNttId1=MOSF_000000000070286&menuNo=6010200,4,국제금리 ㆍ주가 ㆍ 가산금리,6,0,,,"CDS (5 년, bp)"
2024-08-19,https://mofe.go.kr/st/ecnmyidx/detailTbEconomyIndicatorView.do?bbsId=MOSFBBS_000000000045&searchNttId1=MOSF_000000000070286&menuNo=6010200,4,국제금리 ㆍ주가 ㆍ 가산금리,6,1,’ 22말,"CDS (5 년, bp)",55
2024-08-19,https://mofe.go.kr/st/ecnmyidx/detailTbEconomyIndicatorView.do?bbsId=MOSFBBS_000000000045&searchNttId1=MOSF_000000000070286&menuNo=6010200,4,국제금리 ㆍ주가 ㆍ 가산금리,6,2,’ 23말,"CDS (5 년, bp)",28
2024-08-19,https://mofe.go.kr/st/ecnmyidx/detailTbEconomyIndicatorView.do?bbsId=MOSFBBS_000000000045&searchNttId1=MOSF_000000000070286&menuNo=6010200,4,국제금리 ㆍ주가 ㆍ 가산금리,6,3,’ 24.7말,"CDS (5 년, bp)",36
2024-08-19,https://mofe.go.kr/st/ecnmyidx/detailTbEconomyIndicatorView.do?bbsId=MOSFBBS_000000000045&searchNttId1=MOSF_000000000070286&menuNo=6010200,4,국제금리 ㆍ주가 ㆍ 가산금리,6,4,8/14,"CDS (5 년, bp)",37
2024-08-19,https://mofe.go.kr/st/ecnmyidx/detailTbEconomyIndicatorView.do?bbsId=MOSFBBS_000000000045&searchNttId1=MOSF_000000000070286&menuNo=6010200,4,국제금리 ㆍ주가 ㆍ 가산금리,6,5,8/16,"CDS (5 년, bp)",35
2024-08-19,https://mofe.go.kr/st/ecnmyidx/detailTbEconomyIndicatorView.do?bbsId=MOSFBBS_000000000045&searchNttId1=MOSF_000000000070286&menuNo=6010200,4,국제금리 ㆍ주가 ㆍ 가산금리,6,6,8/19,"CDS (5 년, bp)",35
2024-08-19,https://mofe.go.kr/st/ecnmyidx/detailTbEconomyIndicatorView.do?bbsId=MOSFBBS_000000000045&searchNttId1=MOSF_000000000070286&menuNo=6010200,4,국제금리 ㆍ주가 ㆍ 가산금리,6,7,전일비,"CDS (5 년, bp)",△0.39
2024-08-19,https://mofe.go.kr/st/ecnmyidx/detailTbEconomyIndicatorView.do?bbsId=MOSFBBS_000000000045&searchNttId1=MOSF_000000000070286&menuNo=6010200,4,국제금리 ㆍ주가 ㆍ 가산금리,6,8,23말비,"CDS (5 년, bp)",7.20
2024-08-19,https://mofe.go.kr/st/ecnmyidx/detailTbEconomyIndicatorView.do?bbsId=MOSFBBS_000000000045&searchNttId1=MOSF_000000000070286&menuNo=6010200,4,국제금리 ㆍ주가 ㆍ 가산금리,7,0,,,"CRS SOFR (1 년, %)"
2024-08-19,https://mofe.go.kr/st/ecnmyidx/detailTbEconomyIndicatorView.do?bbsId=MOSFBBS_000000000045&searchNttId1=MOSF_000000000070286&menuNo=6010200,4,국제금리 ㆍ주가 ㆍ 가산금리,7,1,’ 22말,"CRS SOFR (1 년, %)",2.81
2024-08-19,https://mofe.go.kr/st/ecnmyidx/detailTbEconomyIndicatorView.do?bbsId=MOSFBBS_000000000045&searchNttId1=MOSF_000000000070286&menuNo=6010200,4,국제금리 ㆍ주가 ㆍ 가산금리,7,2,’ 23말,"CRS SOFR (1 년, %)",2.83
2024-08-19,https://mofe.go.kr/st/ecnmyidx/detailTbEconomyIndicatorView.do?bbsId=MOSFBBS_000000000045&searchNttId1=MOSF_000000000070286&menuNo=6010200,4,국제금리 ㆍ주가 ㆍ 가산금리,7,3,’ 24.7말,"CRS SOFR (1 년, %)",2.69
2024-08-19,https://mofe.go.kr/st/ecnmyidx/detailTbEconomyIndicatorView.do?bbsId=MOSFBBS_000000000045&searchNttId1=MOSF_000000000070286&menuNo=6010200,4,국제금리 ㆍ주가 ㆍ 가산금리,7,4,8/14,"CRS SOFR (1 년, %)",2.39
2024-08-19,https://mofe.go.kr/st/ecnmyidx/detailTbEconomyIndicatorView.do?bbsId=MOSFBBS_000000000045&searchNttId1=MOSF_000000000070286&menuNo=6010200,4,국제금리 ㆍ주가 ㆍ 가산금리,7,5,8/16,"CRS SOFR (1 년, %)",2.48
2024-08-19,https://mofe.go.kr/st/ecnmyidx/detailTbEconomyIndicatorView.do?bbsId=MOSFBBS_000000000045&searchNttId1=MOSF_000000000070286&menuNo=6010200,4,국제금리 ㆍ주가 ㆍ 가산금리,7,6,8/19,"CRS SOFR (1 년, %)",2.44
2024-08-19,https://mofe.go.kr/st/ecnmyidx/detailTbEconomyIndicatorView.do?bbsId=MOSFBBS_000000000045&searchNttId1=MOSF_000000000070286&menuNo=6010200,4,국제금리 ㆍ주가 ㆍ 가산금리,7,7,전일비,"CRS SOFR (1 년, %)",△0.04
2024-08-19,https://mofe.go.kr/st/ecnmyidx/detailTbEconomyIndicatorView.do?bbsId=MOSFBBS_000000000045&searchNttId1=MOSF_000000000070286&menuNo=6010200,4,국제금리 ㆍ주가 ㆍ 가산금리,7,8,23말비,"CRS SOFR (1 년, %)",△0.40
2024-08-19,https://mofe.go.kr/st/ecnmyidx/detailTbEconomyIndicatorView.do?bbsId=MOSFBBS_000000000045&searchNttId1=MOSF_000000000070286&menuNo=6010200,5,유가 곡물 원자재,0,0,,,
2024-08-19,https://mofe.go.kr/st/ecnmyidx/detailTbEconomyIndicatorView.do?bbsId=MOSFBBS_000000000045&searchNttId1=MOSF_000000000070286&menuNo=6010200,5,유가 곡물 원자재,0,1,,,’ 22말
2024-08-19,https://mofe.go.kr/st/ecnmyidx/detailTbEconomyIndicatorView.do?bbsId=MOSFBBS_000000000045&searchNttId1=MOSF_000000000070286&menuNo=6010200,5,유가 곡물 원자재,0,2,,,’ 23말
2024-08-19,https://mofe.go.kr/st/ecnmyidx/detailTbEconomyIndicatorView.do?bbsId=MOSFBBS_000000000045&searchNttId1=MOSF_000000000070286&menuNo=6010200,5,유가 곡물 원자재,0,3,,,’ 24.7말
2024-08-19,https://mofe.go.kr/st/ecnmyidx/detailTbEconomyIndicatorView.do?bbsId=MOSFBBS_000000000045&searchNttId1=MOSF_000000000070286&menuNo=6010200,5,유가 곡물 원자재,0,4,,,8/14
2024-08-19,https://mofe.go.kr/st/ecnmyidx/detailTbEconomyIndicatorView.do?bbsId=MOSFBBS_000000000045&searchNttId1=MOSF_000000000070286&menuNo=6010200,5,유가 곡물 원자재,0,5,,,8/15
2024-08-19,https://mofe.go.kr/st/ecnmyidx/detailTbEconomyIndicatorView.do?bbsId=MOSFBBS_000000000045&searchNttId1=MOSF_000000000070286&menuNo=6010200,5,유가 곡물 원자재,0,6,,,8/16
2024-08-19,https://mofe.go.kr/st/ecnmyidx/detailTbEconomyIndicatorView.do?bbsId=MOSFBBS_000000000045&searchNttId1=MOSF_000000000070286&menuNo=6010200,5,유가 곡물 원자재,0,7,,,전일비
2024-08-19,https://mofe.go.kr/st/ecnmyidx/detailTbEconomyIndicatorView.do?bbsId=MOSFBBS_000000000045&searchNttId1=MOSF_000000000070286&menuNo=6010200,5,유가 곡물 원자재,0,8,,,23말비
2024-08-19,https://mofe.go.kr/st/ecnmyidx/detailTbEconomyIndicatorView.do?bbsId=MOSFBBS_000000000045&searchNttId1=MOSF_000000000070286&menuNo=6010200,5,유가 곡물 원자재,1,0,,,Dubai ($/ 배럴)
2024-08-19,https://mofe.go.kr/st/ecnmyidx/detailTbEconomyIndicatorView.do?bbsId=MOSFBBS_000000000045&searchNttId1=MOSF_000000000070286&menuNo=6010200,5,유가 곡물 원자재,1,1,’ 22말,Dubai ($/ 배럴),78.77
2024-08-19,https://mofe.go.kr/st/ecnmyidx/detailTbEconomyIndicatorView.do?bbsId=MOSFBBS_000000000045&searchNttId1=MOSF_000000000070286&menuNo=6010200,5,유가 곡물 원자재,1,2,’ 23말,Dubai ($/ 배럴),77.08
2024-08-19,https://mofe.go.kr/st/ecnmyidx/detailTbEconomyIndicatorView.do?bbsId=MOSFBBS_000000000045&searchNttId1=MOSF_000000000070286&menuNo=6010200,5,유가 곡물 원자재,1,3,’ 24.7말,Dubai ($/ 배럴),79.57
2024-08-19,https://mofe.go.kr/st/ecnmyidx/detailTbEconomyIndicatorView.do?bbsId=MOSFBBS_000000000045&searchNttId1=MOSF_000000000070286&menuNo=6010200,5,유가 곡물 원자재,1,4,8/14,Dubai ($/ 배럴),79.23
2024-08-19,https://mofe.go.kr/st/ecnmyidx/detailTbEconomyIndicatorView.do?bbsId=MOSFBBS_000000000045&searchNttId1=MOSF_000000000070286&menuNo=6010200,5,유가 곡물 원자재,1,5,8/15,Dubai ($/ 배럴),78.69
2024-08-19,https://mofe.go.kr/st/ecnmyidx/detailTbEconomyIndicatorView.do?bbsId=MOSFBBS_000000000045&searchNttId1=MOSF_000000000070286&menuNo=6010200,5,유가 곡물 원자재,1,6,8/16,Dubai ($/ 배럴),79.06
2024-08-19,https://mofe.go.kr/st/ecnmyidx/detailTbEconomyIndicatorView.do?bbsId=MOSFBBS_000000000045&searchNttId1=MOSF_000000000070286&menuNo=6010200,5,유가 곡물 원자재,1,7,전일비,Dubai ($/ 배럴),0.47%
2024-08-19,https://mofe.go.kr/st/ecnmyidx/detailTbEconomyIndicatorView.do?bbsId=MOSFBBS_000000000045&searchNttId1=MOSF_000000000070286&menuNo=6010200,5,유가 곡물 원자재,1,8,23말비,Dubai ($/ 배럴),2.57%
2024-08-19,https://mofe.go.kr/st/ecnmyidx/detailTbEconomyIndicatorView.do?bbsId=MOSFBBS_000000000045&searchNttId1=MOSF_000000000070286&menuNo=6010200,5,유가 곡물 원자재,2,0,,,WTI 선물 ($/배럴)
2024-08-19,https://mofe.go.kr/st/ecnmyidx/detailTbEconomyIndicatorView.do?bbsId=MOSFBBS_000000000045&searchNttId1=MOSF_000000000070286&menuNo=6010200,5,유가 곡물 원자재,2,1,’ 22말,WTI 선물 ($/배럴),80.26
2024-08-19,https://mofe.go.kr/st/ecnmyidx/detailTbEconomyIndicatorView.do?bbsId=MOSFBBS_000000000045&searchNttId1=MOSF_000000000070286&menuNo=6010200,5,유가 곡물 원자재,2,2,’ 23말,WTI 선물 ($/배럴),71.65
2024-08-19,https://mofe.go.kr/st/ecnmyidx/detailTbEconomyIndicatorView.do?bbsId=MOSFBBS_000000000045&searchNttId1=MOSF_000000000070286&menuNo=6010200,5,유가 곡물 원자재,2,3,’ 24.7말,WTI 선물 ($/배럴),77.91
2024-08-19,https://mofe.go.kr/st/ecnmyidx/detailTbEconomyIndicatorView.do?bbsId=MOSFBBS_000000000045&searchNttId1=MOSF_000000000070286&menuNo=6010200,5,유가 곡물 원자재,2,4,8/14,WTI 선물 ($/배럴),76.98
2024-08-19,https://mofe.go.kr/st/ecnmyidx/detailTbEconomyIndicatorView.do?bbsId=MOSFBBS_000000000045&searchNttId1=MOSF_000000000070286&menuNo=6010200,5,유가 곡물 원자재,2,5,8/15,WTI 선물 ($/배럴),78.16
2024-08-19,https://mofe.go.kr/st/ecnmyidx/detailTbEconomyIndicatorView.do?bbsId=MOSFBBS_000000000045&searchNttId1=MOSF_000000000070286&menuNo=6010200,5,유가 곡물 원자재,2,6,8/16,WTI 선물 ($/배럴),76.65
2024-08-19,https://mofe.go.kr/st/ecnmyidx/detailTbEconomyIndicatorView.do?bbsId=MOSFBBS_000000000045&searchNttId1=MOSF_000000000070286&menuNo=6010200,5,유가 곡물 원자재,2,7,전일비,WTI 선물 ($/배럴),△1.93%
2024-08-19,https://mofe.go.kr/st/ecnmyidx/detailTbEconomyIndicatorView.do?bbsId=MOSFBBS_000000000045&searchNttId1=MOSF_000000000070286&menuNo=6010200,5,유가 곡물 원자재,2,8,23말비,WTI 선물 ($/배럴),6.98%
2024-08-19,https://mofe.go.kr/st/ecnmyidx/detailTbEconomyIndicatorView.do?bbsId=MOSFBBS_000000000045&searchNttId1=MOSF_000000000070286&menuNo=6010200,5,유가 곡물 원자재,3,0,,,밀 (센트/부셀)
2024-08-19,https://mofe.go.kr/st/ecnmyidx/detailTbEconomyIndicatorView.do?bbsId=MOSFBBS_000000000045&searchNttId1=MOSF_000000000070286&menuNo=6010200,5,유가 곡물 원자재,3,1,’ 22말,밀 (센트/부셀),792
2024-08-19,https://mofe.go.kr/st/ecnmyidx/detailTbEconomyIndicatorView.do?bbsId=MOSFBBS_000000000045&searchNttId1=MOSF_000000000070286&menuNo=6010200,5,유가 곡물 원자재,3,2,’ 23말,밀 (센트/부셀),628
2024-08-19,https://mofe.go.kr/st/ecnmyidx/detailTbEconomyIndicatorView.do?bbsId=MOSFBBS_000000000045&searchNttId1=MOSF_000000000070286&menuNo=6010200,5,유가 곡물 원자재,3,3,’ 24.7말,밀 (센트/부셀),527
2024-08-19,https://mofe.go.kr/st/ecnmyidx/detailTbEconomyIndicatorView.do?bbsId=MOSFBBS_000000000045&searchNttId1=MOSF_000000000070286&menuNo=6010200,5,유가 곡물 원자재,3,4,8/14,밀 (센트/부셀),535
2024-08-19,https://mofe.go.kr/st/ecnmyidx/detailTbEconomyIndicatorView.do?bbsId=MOSFBBS_000000000045&searchNttId1=MOSF_000000000070286&menuNo=6010200,5,유가 곡물 원자재,3,5,8/15,밀 (센트/부셀),528
2024-08-19,https://mofe.go.kr/st/ecnmyidx/detailTbEconomyIndicatorView.do?bbsId=MOSFBBS_000000000045&searchNttId1=MOSF_000000000070286&menuNo=6010200,5,유가 곡물 원자재,3,6,8/16,밀 (센트/부셀),530
2024-08-19,https://mofe.go.kr/st/ecnmyidx/detailTbEconomyIndicatorView.do?bbsId=MOSFBBS_000000000045&searchNttId1=MOSF_000000000070286&menuNo=6010200,5,유가 곡물 원자재,3,7,전일비,밀 (센트/부셀),0.38%
2024-08-19,https://mofe.go.kr/st/ecnmyidx/detailTbEconomyIndicatorView.do?bbsId=MOSFBBS_000000000045&searchNttId1=MOSF_000000000070286&menuNo=6010200,5,유가 곡물 원자재,3,8,23말비,밀 (센트/부셀),△15.61%
2024-08-19,https://mofe.go.kr/st/ecnmyidx/detailTbEconomyIndicatorView.do?bbsId=MOSFBBS_000000000045&searchNttId1=MOSF_000000000070286&menuNo=6010200,5,유가 곡물 원자재,4,0,,,옥수수 (센트/부셀)
2024-08-19,https://mofe.go.kr/st/ecnmyidx/detailTbEconomyIndicatorView.do?bbsId=MOSFBBS_000000000045&searchNttId1=MOSF_000000000070286&menuNo=6010200,5,유가 곡물 원자재,4,1,’ 22말,옥수수 (센트/부셀),679
2024-08-19,https://mofe.go.kr/st/ecnmyidx/detailTbEconomyIndicatorView.do?bbsId=MOSFBBS_000000000045&searchNttId1=MOSF_000000000070286&menuNo=6010200,5,유가 곡물 원자재,4,2,’ 23말,옥수수 (센트/부셀),471
2024-08-19,https://mofe.go.kr/st/ecnmyidx/detailTbEconomyIndicatorView.do?bbsId=MOSFBBS_000000000045&searchNttId1=MOSF_000000000070286&menuNo=6010200,5,유가 곡물 원자재,4,3,’ 24.7말,옥수수 (센트/부셀),400
2024-08-19,https://mofe.go.kr/st/ecnmyidx/detailTbEconomyIndicatorView.do?bbsId=MOSFBBS_000000000045&searchNttId1=MOSF_000000000070286&menuNo=6010200,5,유가 곡물 원자재,4,4,8/14,옥수수 (센트/부셀),401
2024-08-19,https://mofe.go.kr/st/ecnmyidx/detailTbEconomyIndicatorView.do?bbsId=MOSFBBS_000000000045&searchNttId1=MOSF_000000000070286&menuNo=6010200,5,유가 곡물 원자재,4,5,8/15,옥수수 (센트/부셀),397
2024-08-19,https://mofe.go.kr/st/ecnmyidx/detailTbEconomyIndicatorView.do?bbsId=MOSFBBS_000000000045&searchNttId1=MOSF_000000000070286&menuNo=6010200,5,유가 곡물 원자재,4,6,8/16,옥수수 (센트/부셀),393
2024-08-19,https://mofe.go.kr/st/ecnmyidx/detailTbEconomyIndicatorView.do?bbsId=MOSFBBS_000000000045&searchNttId1=MOSF_000000000070286&menuNo=6010200,5,유가 곡물 원자재,4,7,전일비,옥수수 (센트/부셀),△1.01%
2024-08-19,https://mofe.go.kr/st/ecnmyidx/detailTbEconomyIndicatorView.do?bbsId=MOSFBBS_000000000045&searchNttId1=MOSF_000000000070286&menuNo=6010200,5,유가 곡물 원자재,4,8,23말비,옥수수 (센트/부셀),△16.56%
2024-08-19,https://mofe.go.kr/st/ecnmyidx/detailTbEconomyIndicatorView.do?bbsId=MOSFBBS_000000000045&searchNttId1=MOSF_000000000070286&menuNo=6010200,5,유가 곡물 원자재,5,0,,,동 ($/톤)
2024-08-19,https://mofe.go.kr/st/ecnmyidx/detailTbEconomyIndicatorView.do?bbsId=MOSFBBS_000000000045&searchNttId1=MOSF_000000000070286&menuNo=6010200,5,유가 곡물 원자재,5,1,’ 22말,동 ($/톤),"8,387"
2024-08-19,https://mofe.go.kr/st/ecnmyidx/detailTbEconomyIndicatorView.do?bbsId=MOSFBBS_000000000045&searchNttId1=MOSF_000000000070286&menuNo=6010200,5,유가 곡물 원자재,5,2,’ 23말,동 ($/톤),"8,476"
2024-08-19,https://mofe.go.kr/st/ecnmyidx/detailTbEconomyIndicatorView.do?bbsId=MOSFBBS_000000000045&searchNttId1=MOSF_000000000070286&menuNo=6010200,5,유가 곡물 원자재,5,3,’ 24.7말,동 ($/톤),"9,015"
2024-08-19,https://mofe.go.kr/st/ecnmyidx/detailTbEconomyIndicatorView.do?bbsId=MOSFBBS_000000000045&searchNttId1=MOSF_000000000070286&menuNo=6010200,5,유가 곡물 원자재,5,4,8/14,동 ($/톤),"8,906"
2024-08-19,https://mofe.go.kr/st/ecnmyidx/detailTbEconomyIndicatorView.do?bbsId=MOSFBBS_000000000045&searchNttId1=MOSF_000000000070286&menuNo=6010200,5,유가 곡물 원자재,5,5,8/15,동 ($/톤),"9,009"
2024-08-19,https://mofe.go.kr/st/ecnmyidx/detailTbEconomyIndicatorView.do?bbsId=MOSFBBS_000000000045&searchNttId1=MOSF_000000000070286&menuNo=6010200,5,유가 곡물 원자재,5,6,8/16,동 ($/톤),"8,938"
2024-08-19,https://mofe.go.kr/st/ecnmyidx/detailTbEconomyIndicatorView.do?bbsId=MOSFBBS_000000000045&searchNttId1=MOSF_000000000070286&menuNo=6010200,5,유가 곡물 원자재,5,7,전일비,동 ($/톤),△0.79%
2024-08-19,https://mofe.go.kr/st/ecnmyidx/detailTbEconomyIndicatorView.do?bbsId=MOSFBBS_000000000045&searchNttId1=MOSF_000000000070286&menuNo=6010200,5,유가 곡물 원자재,5,8,23말비,동 ($/톤),5.45%
2024-08-19,https://mofe.go.kr/st/ecnmyidx/detailTbEconomyIndicatorView.do?bbsId=MOSFBBS_000000000045&searchNttId1=MOSF_000000000070286&menuNo=6010200,5,유가 곡물 원자재,6,0,,,알루미늄 ($/톤)
2024-08-19,https://mofe.go.kr/st/ecnmyidx/detailTbEconomyIndicatorView.do?bbsId=MOSFBBS_000000000045&searchNttId1=MOSF_000000000070286&menuNo=6010200,5,유가 곡물 원자재,6,1,’ 22말,알루미늄 ($/톤),"2,361"
2024-08-19,https://mofe.go.kr/st/ecnmyidx/detailTbEconomyIndicatorView.do?bbsId=MOSFBBS_000000000045&searchNttId1=MOSF_000000000070286&menuNo=6010200,5,유가 곡물 원자재,6,2,’ 23말,알루미늄 ($/톤),"2,336"
2024-08-19,https://mofe.go.kr/st/ecnmyidx/detailTbEconomyIndicatorView.do?bbsId=MOSFBBS_000000000045&searchNttId1=MOSF_000000000070286&menuNo=6010200,5,유가 곡물 원자재,6,3,’ 24.7말,알루미늄 ($/톤),"2,252"
2024-08-19,https://mofe.go.kr/st/ecnmyidx/detailTbEconomyIndicatorView.do?bbsId=MOSFBBS_000000000045&searchNttId1=MOSF_000000000070286&menuNo=6010200,5,유가 곡물 원자재,6,4,8/14,알루미늄 ($/톤),"2,299"
2024-08-19,https://mofe.go.kr/st/ecnmyidx/detailTbEconomyIndicatorView.do?bbsId=MOSFBBS_000000000045&searchNttId1=MOSF_000000000070286&menuNo=6010200,5,유가 곡물 원자재,6,5,8/15,알루미늄 ($/톤),"2,301"
2024-08-19,https://mofe.go.kr/st/ecnmyidx/detailTbEconomyIndicatorView.do?bbsId=MOSFBBS_000000000045&searchNttId1=MOSF_000000000070286&menuNo=6010200,5,유가 곡물 원자재,6,6,8/16,알루미늄 ($/톤),"2,294"
2024-08-19,https://mofe.go.kr/st/ecnmyidx/detailTbEconomyIndicatorView.do?bbsId=MOSFBBS_000000000045&searchNttId1=MOSF_000000000070286&menuNo=6010200,5,유가 곡물 원자재,6,7,전일비,알루미늄 ($/톤),△0.30%
2024-08-19,https://mofe.go.kr/st/ecnmyidx/detailTbEconomyIndicatorView.do?bbsId=MOSFBBS_000000000045&searchNttId1=MOSF_000000000070286&menuNo=6010200,5,유가 곡물 원자재,6,8,23말비,알루미늄 ($/톤),△1.80%
2024-08-19,https://mofe.go.kr/st/ecnmyidx/detailTbEconomyIndicatorView.do?bbsId=MOSFBBS_000000000045&searchNttId1=MOSF_000000000070286&menuNo=6010200,6,반도체,0,0,,,
2024-08-19,https://mofe.go.kr/st/ecnmyidx/detailTbEconomyIndicatorView.do?bbsId=MOSFBBS_000000000045&searchNttId1=MOSF_000000000070286&menuNo=6010200,6,반도체,0,1,,,’ 22말
2024-08-19,https://mofe.go.kr/st/ecnmyidx/detailTbEconomyIndicatorView.do?bbsId=MOSFBBS_000000000045&searchNttId1=MOSF_000000000070286&menuNo=6010200,6,반도체,0,2,,,’ 23말
2024-08-19,https://mofe.go.kr/st/ecnmyidx/detailTbEconomyIndicatorView.do?bbsId=MOSFBBS_000000000045&searchNttId1=MOSF_000000000070286&menuNo=6010200,6,반도체,0,3,,,’ 24.5말
2024-08-19,https://mofe.go.kr/st/ecnmyidx/detailTbEconomyIndicatorView.do?bbsId=MOSFBBS_000000000045&searchNttId1=MOSF_000000000070286&menuNo=6010200,6,반도체,0,4,,,’ 24.6말
2024-08-19,https://mofe.go.kr/st/ecnmyidx/detailTbEconomyIndicatorView.do?bbsId=MOSFBBS_000000000045&searchNttId1=MOSF_000000000070286&menuNo=6010200,6,반도체,0,5,,,’ 24.7말
2024-08-19,https://mofe.go.kr/st/ecnmyidx/detailTbEconomyIndicatorView.do?bbsId=MOSFBBS_000000000045&searchNttId1=MOSF_000000000070286&menuNo=6010200,6,반도체,0,6,,,8/14
2024-08-19,https://mofe.go.kr/st/ecnmyidx/detailTbEconomyIndicatorView.do?bbsId=MOSFBBS_000000000045&searchNttId1=MOSF_000000000070286&menuNo=6010200,6,반도체,0,7,,,8/15
2024-08-19,https://mofe.go.kr/st/ecnmyidx/detailTbEconomyIndicatorView.do?bbsId=MOSFBBS_000000000045&searchNttId1=MOSF_000000000070286&menuNo=6010200,6,반도체,0,8,,,8/16
2024-08-19,https://mofe.go.kr/st/ecnmyidx/detailTbEconomyIndicatorView.do?bbsId=MOSFBBS_000000000045&searchNttId1=MOSF_000000000070286&menuNo=6010200,6,반도체,0,9,,,8월( ∼16)
2024-08-19,https://mofe.go.kr/st/ecnmyidx/detailTbEconomyIndicatorView.do?bbsId=MOSFBBS_000000000045&searchNttId1=MOSF_000000000070286&menuNo=6010200,6,반도체,1,0,,,"D 램(8 G) 현물가($, 기간평균)"
2024-08-19,https://mofe.go.kr/st/ecnmyidx/detailTbEconomyIndicatorView.do?bbsId=MOSFBBS_000000000045&searchNttId1=MOSF_000000000070286&menuNo=6010200,6,반도체,1,1,’ 22말,"D 램(8 G) 현물가($, 기간평균)",3.07
2024-08-19,https://mofe.go.kr/st/ecnmyidx/detailTbEconomyIndicatorView.do?bbsId=MOSFBBS_000000000045&searchNttId1=MOSF_000000000070286&menuNo=6010200,6,반도체,1,2,’ 23말,"D 램(8 G) 현물가($, 기간평균)",1.74
2024-08-19,https://mofe.go.kr/st/ecnmyidx/detailTbEconomyIndicatorView.do?bbsId=MOSFBBS_000000000045&searchNttId1=MOSF_000000000070286&menuNo=6010200,6,반도체,1,3,’ 24.5말,"D 램(8 G) 현물가($, 기간평균)",1.93
2024-08-19,https://mofe.go.kr/st/ecnmyidx/detailTbEconomyIndicatorView.do?bbsId=MOSFBBS_000000000045&searchNttId1=MOSF_000000000070286&menuNo=6010200,6,반도체,1,4,’ 24.6말,"D 램(8 G) 현물가($, 기간평균)",1.87
2024-08-19,https://mofe.go.kr/st/ecnmyidx/detailTbEconomyIndicatorView.do?bbsId=MOSFBBS_000000000045&searchNttId1=MOSF_000000000070286&menuNo=6010200,6,반도체,1,5,’ 24.7말,"D 램(8 G) 현물가($, 기간평균)",1.97
2024-08-19,https://mofe.go.kr/st/ecnmyidx/detailTbEconomyIndicatorView.do?bbsId=MOSFBBS_000000000045&searchNttId1=MOSF_000000000070286&menuNo=6010200,6,반도체,1,6,8/14,"D 램(8 G) 현물가($, 기간평균)",1.99
2024-08-19,https://mofe.go.kr/st/ecnmyidx/detailTbEconomyIndicatorView.do?bbsId=MOSFBBS_000000000045&searchNttId1=MOSF_000000000070286&menuNo=6010200,6,반도체,1,7,8/15,"D 램(8 G) 현물가($, 기간평균)",1.99
2024-08-19,https://mofe.go.kr/st/ecnmyidx/detailTbEconomyIndicatorView.do?bbsId=MOSFBBS_000000000045&searchNttId1=MOSF_000000000070286&menuNo=6010200,6,반도체,1,8,8/16,"D 램(8 G) 현물가($, 기간평균)",1.99
2024-08-19,https://mofe.go.kr/st/ecnmyidx/detailTbEconomyIndicatorView.do?bbsId=MOSFBBS_000000000045&searchNttId1=MOSF_000000000070286&menuNo=6010200,6,반도체,1,9,8월( ∼16),"D 램(8 G) 현물가($, 기간평균)",1.99
2024-08-19,https://mofe.go.kr/st/ecnmyidx/detailTbEconomyIndicatorView.do?bbsId=MOSFBBS_000000000045&searchNttId1=MOSF_000000000070286&menuNo=6010200,6,반도체,2,0,,,"(%, YoY)"
2024-08-19,https://mofe.go.kr/st/ecnmyidx/detailTbEconomyIndicatorView.do?bbsId=MOSFBBS_000000000045&searchNttId1=MOSF_000000000070286&menuNo=6010200,6,반도체,2,1,’ 22말,"(%, YoY)",△23.0
2024-08-19,https://mofe.go.kr/st/ecnmyidx/detailTbEconomyIndicatorView.do?bbsId=MOSFBBS_000000000045&searchNttId1=MOSF_000000000070286&menuNo=6010200,6,반도체,2,2,’ 23말,"(%, YoY)",△14.8
2024-08-19,https://mofe.go.kr/st/ecnmyidx/detailTbEconomyIndicatorView.do?bbsId=MOSFBBS_000000000045&searchNttId1=MOSF_000000000070286&menuNo=6010200,6,반도체,2,3,’ 24.5말,"(%, YoY)",22.2
2024-08-19,https://mofe.go.kr/st/ecnmyidx/detailTbEconomyIndicatorView.do?bbsId=MOSFBBS_000000000045&searchNttId1=MOSF_000000000070286&menuNo=6010200,6,반도체,2,4,’ 24.6말,"(%, YoY)",23.7
2024-08-19,https://mofe.go.kr/st/ecnmyidx/detailTbEconomyIndicatorView.do?bbsId=MOSFBBS_000000000045&searchNttId1=MOSF_000000000070286&menuNo=6010200,6,반도체,2,5,’ 24.7말,"(%, YoY)",32.5
2024-08-19,https://mofe.go.kr/st/ecnmyidx/detailTbEconomyIndicatorView.do?bbsId=MOSFBBS_000000000045&searchNttId1=MOSF_000000000070286&menuNo=6010200,6,반도체,2,6,8/14,"(%, YoY)",36.0
2024-08-19,https://mofe.go.kr/st/ecnmyidx/detailTbEconomyIndicatorView.do?bbsId=MOSFBBS_000000000045&searchNttId1=MOSF_000000000070286&menuNo=6010200,6,반도체,2,7,8/15,"(%, YoY)",36.0
2024-08-19,https://mofe.go.kr/st/ecnmyidx/detailTbEconomyIndicatorView.do?bbsId=MOSFBBS_000000000045&searchNttId1=MOSF_000000000070286&menuNo=6010200,6,반도체,2,8,8/16,"(%, YoY)",36.1
2024-08-19,https://mofe.go.kr/st/ecnmyidx/detailTbEconomyIndicatorView.do?bbsId=MOSFBBS_000000000045&searchNttId1=MOSF_000000000070286&menuNo=6010200,6,반도체,2,9,8월( ∼16),"(%, YoY)",36.2
2024-08-19,https://mofe.go.kr/st/ecnmyidx/detailTbEconomyIndicatorView.do?bbsId=MOSFBBS_000000000045&searchNttId1=MOSF_000000000070286&menuNo=6010200,6,반도체,3,0,,,"낸드(128 G) 현물가($, 기간평균)"
2024-08-19,https://mofe.go.kr/st/ecnmyidx/detailTbEconomyIndicatorView.do?bbsId=MOSFBBS_000000000045&searchNttId1=MOSF_000000000070286&menuNo=6010200,6,반도체,3,1,’ 22말,"낸드(128 G) 현물가($, 기간평균)",7.25
2024-08-19,https://mofe.go.kr/st/ecnmyidx/detailTbEconomyIndicatorView.do?bbsId=MOSFBBS_000000000045&searchNttId1=MOSF_000000000070286&menuNo=6010200,6,반도체,3,2,’ 23말,"낸드(128 G) 현물가($, 기간평균)",6.38
2024-08-19,https://mofe.go.kr/st/ecnmyidx/detailTbEconomyIndicatorView.do?bbsId=MOSFBBS_000000000045&searchNttId1=MOSF_000000000070286&menuNo=6010200,6,반도체,3,3,’ 24.5말,"낸드(128 G) 현물가($, 기간평균)",6.39
2024-08-19,https://mofe.go.kr/st/ecnmyidx/detailTbEconomyIndicatorView.do?bbsId=MOSFBBS_000000000045&searchNttId1=MOSF_000000000070286&menuNo=6010200,6,반도체,3,4,’ 24.6말,"낸드(128 G) 현물가($, 기간평균)",6.37
2024-08-19,https://mofe.go.kr/st/ecnmyidx/detailTbEconomyIndicatorView.do?bbsId=MOSFBBS_000000000045&searchNttId1=MOSF_000000000070286&menuNo=6010200,6,반도체,3,5,’ 24.7말,"낸드(128 G) 현물가($, 기간평균)",6.32
2024-08-19,https://mofe.go.kr/st/ecnmyidx/detailTbEconomyIndicatorView.do?bbsId=MOSFBBS_000000000045&searchNttId1=MOSF_000000000070286&menuNo=6010200,6,반도체,3,6,8/14,"낸드(128 G) 현물가($, 기간평균)",6.31
2024-08-19,https://mofe.go.kr/st/ecnmyidx/detailTbEconomyIndicatorView.do?bbsId=MOSFBBS_000000000045&searchNttId1=MOSF_000000000070286&menuNo=6010200,6,반도체,3,7,8/15,"낸드(128 G) 현물가($, 기간평균)",6.31
2024-08-19,https://mofe.go.kr/st/ecnmyidx/detailTbEconomyIndicatorView.do?bbsId=MOSFBBS_000000000045&searchNttId1=MOSF_000000000070286&menuNo=6010200,6,반도체,3,8,8/16,"낸드(128 G) 현물가($, 기간평균)",6.31
2024-08-19,https://mofe.go.kr/st/ecnmyidx/detailTbEconomyIndicatorView.do?bbsId=MOSFBBS_000000000045&searchNttId1=MOSF_000000000070286&menuNo=6010200,6,반도체,3,9,8월( ∼16),"낸드(128 G) 현물가($, 기간평균)",6.31
2024-08-19,https://mofe.go.kr/st/ecnmyidx/detailTbEconomyIndicatorView.do?bbsId=MOSFBBS_000000000045&searchNttId1=MOSF_000000000070286&menuNo=6010200,6,반도체,4,0,,,"(%, YoY)"
2024-08-19,https://mofe.go.kr/st/ecnmyidx/detailTbEconomyIndicatorView.do?bbsId=MOSFBBS_000000000045&searchNttId1=MOSF_000000000070286&menuNo=6010200,6,반도체,4,1,’ 22말,"(%, YoY)",10.7
2024-08-19,https://mofe.go.kr/st/ecnmyidx/detailTbEconomyIndicatorView.do?bbsId=MOSFBBS_000000000045&searchNttId1=MOSF_000000000070286&menuNo=6010200,6,반도체,4,2,’ 23말,"(%, YoY)",△2.3
2024-08-19,https://mofe.go.kr/st/ecnmyidx/detailTbEconomyIndicatorView.do?bbsId=MOSFBBS_000000000045&searchNttId1=MOSF_000000000070286&menuNo=6010200,6,반도체,4,3,’ 24.5말,"(%, YoY)",0.0
2024-08-19,https://mofe.go.kr/st/ecnmyidx/detailTbEconomyIndicatorView.do?bbsId=MOSFBBS_000000000045&searchNttId1=MOSF_000000000070286&menuNo=6010200,6,반도체,4,4,’ 24.6말,"(%, YoY)",0.5
2024-08-19,https://mofe.go.kr/st/ecnmyidx/detailTbEconomyIndicatorView.do?bbsId=MOSFBBS_000000000045&searchNttId1=MOSF_000000000070286&menuNo=6010200,6,반도체,4,5,’ 24.7말,"(%, YoY)",0.2
2024-08-19,https://mofe.go.kr/st/ecnmyidx/detailTbEconomyIndicatorView.do?bbsId=MOSFBBS_000000000045&searchNttId1=MOSF_000000000070286&menuNo=6010200,6,반도체,4,6,8/14,"(%, YoY)",△0.4
2024-08-19,https://mofe.go.kr/st/ecnmyidx/detailTbEconomyIndicatorView.do?bbsId=MOSFBBS_000000000045&searchNttId1=MOSF_000000000070286&menuNo=6010200,6,반도체,4,7,8/15,"(%, YoY)",△0.4
2024-08-19,https://mofe.go.kr/st/ecnmyidx/detailTbEconomyIndicatorView.do?bbsId=MOSFBBS_000000000045&searchNttId1=MOSF_000000000070286&menuNo=6010200,6,반도체,4,8,8/16,"(%, YoY)",△0.3
2024-08-19,https://mofe.go.kr/st/ecnmyidx/detailTbEconomyIndicatorView.do?bbsId=MOSFBBS_000000000045&searchNttId1=MOSF_000000000070286&menuNo=6010200,6,반도체,4,9,8월( ∼16),"(%, YoY)",△0.2
